Global BiFlowLISA value is: 42013077.5882
O, D, V1, V2, BI, p-value, BI_Result
(29, 32), 644, 214, 136081.1429, 0.000, NS
(48, 45), 20, 35, 452.5000, 1.000, NS
(40, 41), 1, 50, 63.8000, 0.980, NS
(6, 48), 5, 53, 642.0833, 0.114, NS
(41, 42), 116, 240, 23462.9333, 0.000, NS
(33, 38), 620, 244, 135635.3333, 0.000, NS
(25, 34), 11, 77, 1536.9200, 0.067, NS
(44, 47), 56, 141, 5545.8667, 0.652, NS
(36, 48), 14, 57, 2480.8000, 0.001, LL
(30, 4), 16, 20, 683.3333, 1.000, NS
(29, 45), 103, 117, 8519.5714, 0.884, NS
(21, 41), 218, 169, 36987.3333, 0.005, HH
(22, 5), 236, 50, 37423.4815, 0.001, HH
(14, 1), 22, 31, 2178.9167, 0.604, NS
(25, 47), 24, 142, 2803.2000, 0.296, NS
(15, 2), 2, 1, 109.1304, 0.997, NS
(26, 11), 2, 6, 10.7143, 1.000, NS
(18, 7), 21, 45, 2225.1250, 0.457, NS
(17, 48), 183, 231, 37127.2143, 0.000, NS
(9, 44), 79, 124, 7999.6905, 0.646, NS
(44, 1), 11, 27, 517.0000, 1.000, NS
(10, 8), 29, 118, 2485.7143, 0.848, NS
(3, 5), 8, 8, 229.6774, 1.000, NS
(22, 18), 12, 17, 592.0000, 1.000, NS
(14, 14), 81, 80, 19665.0000, 0.000, NS
(7, 11), 20, 83, 730.6250, 1.000, NS
(48, 12), 18, 36, 736.4348, 1.000, NS
(40, 8), 2, 13, 83.7500, 0.999, NS
(6, 15), 10, 44, 1483.8889, 0.012, LL
(41, 9), 38, 126, 5787.9429, 0.010, LL
(33, 5), 59, 29, 4079.7407, 0.997, NS
(25, 1), 95, 171, 19636.5000, 0.000, NS
(44, 14), 120, 94, 16296.6667, 0.061, NS
(10, 21), 89, 114, 5412.0476, 1.000, NS
(2, 17), 1, 0, 56.4000, 0.996, NS
(34, 6), 17, 52, 2421.3667, 0.039, LL
(37, 11), 33, 75, 1359.6000, 1.000, NS
(3, 18), 47, 69, 8051.9545, 0.007, LL
(36, 15), 48, 99, 11998.4000, 0.000, NS
(47, 24), 22, 154, 2902.5333, 0.094, NS
(5, 27), 12, 15, 642.1333, 1.000, NS
(29, 12), 48, 31, 1825.8462, 1.000, NS
(48, 25), 110, 267, 19220.6667, 0.002, HH
(21, 8), 31, 52, 3021.2083, 0.634, NS
(40, 21), 1, 32, 32.5833, 1.000, NS
(6, 28), 8, 28, 661.3333, 0.911, NS
(33, 18), 65, 53, 10977.7778, 0.000, NS
(25, 14), 28, 62, 3299.3333, 0.270, NS
(32, 22), 104, 109, 12873.7143, 0.118, NS
(51, 35), 6, 19, 238.8000, 1.000, NS
(43, 31), 97, 120, 12584.1333, 0.114, NS
(35, 27), 74, 202, 13823.2000, 0.001, LL
(1, 34), 2, 24, 209.1000, 0.489, NS
(17, 15), 145, 231, 34668.8095, 0.000, NS
(36, 28), 11, 81, 1862.3000, 0.004, LL
(9, 11), 47, 89, 1967.2857, 1.000, NS
(28, 24), 69, 126, 6811.8333, 0.625, NS
(47, 37), 19, 58, 1832.3600, 0.668, NS
(5, 40), 2, 3, 36.3889, 1.000, NS
(29, 25), 60, 111, 5816.5714, 0.701, NS
(21, 21), 617, 289, 184191.6389, 0.000, NS
(39, 38), 102, 147, 6494.8500, 0.999, NS
(31, 34), 19, 40, 1471.2333, 0.950, NS
(13, 22), 48, 48, 5038.4000, 0.493, NS
(32, 35), 54, 98, 6111.2571, 0.350, NS
(51, 48), 13, 41, 501.5833, 1.000, NS
(24, 31), 46, 133, 5669.5000, 0.150, NS
(43, 44), 1881, 621, 463415.7000, 0.000, NS
(16, 27), 128, 214, 34647.0400, 0.000, NS
(35, 40), 21, 61, 2642.8500, 0.179, NS
(1, 47), 9, 62, 829.3500, 0.724, NS
(17, 28), 62, 97, 7897.6190, 0.091, NS
(9, 24), 68, 192, 8535.6190, 0.116, NS
(28, 37), 324, 253, 59151.6000, 0.000, NS
(27, 41), 14, 34, 1390.4800, 0.589, NS
(30, 46), 245, 143, 36155.8750, 0.010, HH
(20, 38), 52, 107, 7724.6000, 0.055, NS
(39, 51), 16, 73, 464.0000, 1.000, NS
(12, 34), 38, 23, 2487.1000, 0.965, NS
(31, 47), 142, 276, 34013.7333, 0.000, NS
(4, 30), 15, 23, 685.6250, 1.000, NS
(23, 43), 168, 215, 23772.0000, 0.079, NS
(13, 35), 64, 142, 11988.4800, 0.000, NS
(24, 44), 22, 69, 1161.7222, 1.000, NS
(16, 40), 43, 86, 7789.4500, 0.002, LL
(50, 38), 48, 80, 5158.4000, 0.425, NS
(42, 34), 24, 53, 2133.6000, 0.826, NS
(8, 41), 22, 64, 2644.4000, 0.246, NS
(19, 50), 36, 58, 2923.2000, 0.809, NS
(11, 46), 8, 18, 79.2000, 1.000, NS
(20, 51), 440, 233, 103510.0000, 0.000, NS
(12, 47), 15, 41, 670.2632, 1.000, NS
(4, 43), 33, 51, 1553.2000, 0.995, NS
(47, 4), 2, 20, 57.8667, 1.000, NS
(5, 7), 102, 40, 11884.4167, 0.219, NS
(46, 45), 1133, 461, 212437.5000, 0.002, HH
(38, 41), 166, 159, 29860.0800, 0.002, HH
(49, 50), 6, 10, 198.6667, 1.000, NS
(39, 5), 9, 8, 225.1268, 1.000, NS
(31, 1), 23, 74, 3389.6250, 0.041, LL
(50, 51), 354, 174, 76169.0000, 0.005, HH
(42, 47), 250, 453, 58733.3333, 0.000, NS
(32, 2), 2, 0, 81.5556, 1.000, NS
(51, 15), 44, 84, 3998.5000, 0.746, NS
(43, 11), 22, 31, 469.7000, 1.000, NS
(35, 7), 27, 74, 2527.8750, 0.747, NS
(1, 14), 4, 49, 439.5000, 0.405, NS
(34, 48), 11, 40, 1038.0333, 0.717, NS
(28, 4), 12, 36, 428.0000, 1.000, NS
(20, 5), 80, 30, 11368.8889, 0.025, LL
(39, 18), 111, 182, 17325.2500, 0.002, HH
(12, 1), 23, 32, 1564.0000, 0.919, NS
(31, 14), 174, 154, 45196.5000, 0.000, NS
(23, 10), 8, 61, 350.0000, 1.000, NS
(24, 11), 44, 162, 4220.3333, 0.660, NS
(16, 7), 63, 104, 10325.7000, 0.000, NS
(50, 5), 59, 23, 7814.2222, 0.100, NS
(42, 1), 79, 172, 14348.3750, 0.002, LL
(8, 8), 91, 103, 20253.1875, 0.000, NS
(27, 21), 14, 49, 830.6667, 0.998, NS
(19, 17), 64, 142, 10229.0286, 0.007, LL
(11, 13), 13, 49, 698.7500, 0.996, NS
(30, 26), 56, 34, 3619.0000, 0.994, NS
(20, 18), 9, 27, 414.3750, 0.999, NS
(12, 14), 9, 14, 358.8750, 1.000, NS
(4, 10), 1, 14, 8.9524, 1.000, NS
(23, 23), 322, 177, 74039.8750, 0.000, NS
(46, 12), 3, 9, 25.3500, 1.000, NS
(38, 8), 299, 213, 65182.0000, 0.000, NS
(49, 17), 24, 51, 2615.4783, 0.414, NS
(15, 24), 93, 199, 19039.1667, 0.000, NS
(7, 20), 94, 117, 7901.8750, 0.905, NS
(26, 33), 12, 18, 335.0000, 1.000, NS
(18, 29), 21, 32, 1895.0000, 0.841, NS
(50, 18), 2, 21, 71.6667, 1.000, NS
(42, 14), 211, 215, 46677.8889, 0.000, NS
(8, 21), 24, 67, 2375.0000, 0.628, NS
(19, 30), 44, 84, 6255.7000, 0.018, LL
(11, 26), 3, 13, 18.0000, 1.000, NS
(34, 15), 12, 42, 1243.2000, 0.551, NS
(45, 24), 5, 18, 81.8750, 1.000, NS
(37, 20), 368, 218, 65724.8000, 0.006, HH
(3, 27), 86, 141, 11098.5263, 0.160, NS
(22, 40), 8, 15, 190.3333, 1.000, NS
(14, 36), 11, 27, 1471.8000, 0.079, NS
(46, 25), 10, 32, 242.4000, 1.000, NS
(38, 21), 154, 103, 22771.4667, 0.028, HH
(49, 30), 16, 26, 763.5556, 1.000, NS
(15, 37), 146, 125, 21758.8667, 0.017, HH
(7, 33), 291, 306, 62067.8750, 0.000, NS
(26, 46), 346, 258, 44270.7000, 0.170, NS
(18, 42), 94, 157, 17063.6111, 0.000, NS
(41, 31), 120, 238, 30056.0000, 0.000, NS
(33, 27), 109, 106, 25400.6333, 0.000, NS
(25, 23), 8, 21, 310.4000, 0.999, NS
(44, 36), 18, 26, 1232.4000, 0.982, NS
(10, 43), 49, 79, 2308.6000, 1.000, NS
(2, 39), 1, 4, 59.7333, 0.998, NS
(34, 28), 10, 37, 714.3333, 0.977, NS
(45, 37), 42, 66, 3112.2000, 0.913, NS
(37, 33), 88, 139, 12061.8667, 0.068, NS
(3, 40), 15, 51, 1207.0000, 0.841, NS
(14, 49), 20, 32, 1175.7143, 1.000, NS
(29, 34), 22, 20, 1193.6571, 1.000, NS
(48, 47), 166, 291, 26797.9333, 0.007, HH
(40, 43), 1, 34, 25.7000, 1.000, NS
(6, 50), 5, 8, 160.0000, 1.000, NS
(41, 44), 108, 126, 17136.0000, 0.005, HH
(33, 40), 31, 65, 2610.4583, 0.850, NS
(25, 36), 18, 58, 3689.2800, 0.000, NS
(44, 49), 11, 20, 367.5610, 1.000, NS
(36, 50), 3, 16, 188.2000, 0.963, NS
(28, 46), 178, 194, 21063.3333, 0.248, NS
(27, 1), 10, 27, 1124.5000, 0.354, NS
(30, 6), 4, 8, 208.5833, 1.000, NS
(29, 47), 109, 146, 16293.9429, 0.023, HH
(21, 43), 811, 488, 229675.2000, 0.000, NS
(22, 7), 497, 253, 85960.2917, 0.000, NS
(14, 3), 40, 46, 2866.6667, 0.972, NS
(15, 4), 5, 12, 89.4444, 1.000, NS
(26, 13), 10, 15, 265.0000, 1.000, NS
(18, 9), 53, 70, 7961.3571, 0.006, LL
(17, 50), 15, 26, 634.2857, 0.999, NS
(9, 46), 73, 83, 5345.6857, 0.978, NS
(44, 3), 33, 51, 1304.2174, 1.000, NS
(10, 10), 698, 747, 169898.8980, 0.000, NS
(2, 6), 5, 1, 321.2500, 0.989, NS
(45, 4), 201, 87, 14304.5000, 0.887, NS
(3, 7), 39, 71, 2882.1000, 0.964, NS
(22, 20), 153, 131, 14681.6250, 0.672, NS
(14, 16), 65, 57, 12792.0000, 0.000, NS
(29, 1), 27, 41, 2484.9643, 0.768, NS
(48, 14), 44, 61, 5628.3333, 0.112, NS
(40, 10), 33, 310, 4997.1429, 0.020, LL
(6, 17), 8, 51, 1407.0476, 0.000, NS
(41, 11), 36, 61, 1708.2000, 1.000, NS
(33, 7), 402, 238, 86178.7500, 0.000, NS
(25, 3), 19, 93, 2273.0000, 0.287, NS
(44, 16), 69, 83, 5982.3000, 0.846, NS
(10, 23), 19, 56, 818.3571, 1.000, NS
(51, 24), 13, 17, 529.7500, 1.000, NS
(2, 19), 1, 1, 30.0000, 1.000, NS
(36, 17), 6, 106, 1364.2286, 0.000, NS
(28, 13), 127, 159, 28778.2000, 0.000, NS
(47, 26), 16, 33, 656.0000, 1.000, NS
(5, 29), 125, 37, 17980.1587, 0.005, HH
(29, 14), 248, 140, 52782.6667, 0.000, NS
(48, 27), 190, 267, 36252.0000, 0.001, HH
(21, 10), 58, 135, 3822.4762, 0.999, NS
(6, 30), 2, 13, 116.0417, 1.000, NS
(25, 16), 73, 217, 19999.0800, 0.000, NS
(32, 24), 60, 116, 7187.1429, 0.198, NS
(51, 37), 176, 150, 36608.0000, 0.000, NS
(24, 20), 22, 30, 897.4167, 1.000, NS
(43, 33), 86, 118, 6553.2000, 0.949, NS
(35, 29), 24, 90, 1993.3714, 0.899, NS
(1, 36), 9, 35, 1653.3000, 0.001, LL
(17, 17), 113, 120, 28019.3878, 0.000, NS
(36, 30), 6, 16, 615.1500, 0.565, NS
(9, 13), 283, 254, 68583.0286, 0.000, NS
(28, 26), 49, 70, 2470.4167, 0.999, NS
(47, 39), 102, 349, 10174.5000, 0.656, NS
(5, 42), 47, 25, 3056.7407, 0.999, NS
(21, 23), 57, 123, 7799.5000, 0.083, NS
(20, 27), 12, 39, 588.6000, 0.999, NS
(39, 40), 48, 146, 4483.5000, 0.741, NS
(31, 36), 45, 83, 8676.0000, 0.000, NS
(23, 32), 32, 81, 4076.5714, 0.145, NS
(13, 24), 71, 139, 12879.4000, 0.001, LL
(32, 37), 299, 240, 52478.7714, 0.000, NS
(24, 33), 62, 144, 8144.3889, 0.077, NS
(43, 46), 526, 289, 76059.6000, 0.036, HH
(16, 29), 74, 116, 11425.6000, 0.001, LL
(35, 42), 101, 237, 16109.5000, 0.005, HH
(1, 49), 4, 35, 364.0000, 0.775, NS
(17, 30), 33, 52, 2779.0714, 0.958, NS
(9, 26), 30, 24, 973.9286, 1.000, NS
(50, 27), 5, 19, 207.0000, 0.998, NS
(27, 43), 20, 52, 1110.4000, 0.999, NS
(19, 39), 39, 102, 2662.7250, 0.996, NS
(30, 48), 88, 90, 6165.5000, 0.998, NS
(20, 40), 17, 42, 630.0625, 1.000, NS
(12, 36), 9, 14, 530.0000, 0.983, NS
(31, 49), 19, 50, 1319.8049, 0.996, NS
(4, 32), 6, 11, 151.7143, 1.000, NS
(23, 45), 291, 317, 52798.3125, 0.005, HH
(13, 37), 37, 54, 3938.2800, 0.475, NS
(46, 34), 4, 7, 67.3600, 1.000, NS
(16, 42), 278, 360, 81046.2667, 0.000, NS
(49, 39), 149, 173, 15838.1481, 0.487, NS
(15, 46), 34, 58, 1748.7333, 0.999, NS
(18, 51), 10, 15, 429.5833, 1.000, NS
(42, 36), 85, 134, 18221.1667, 0.000, NS
(8, 43), 34, 64, 3179.0000, 0.714, NS
(11, 48), 49, 126, 2192.7500, 1.000, NS
(51, 4), 18, 31, 774.0000, 0.995, NS
(1, 3), 2, 39, 185.8571, 0.657, NS
(12, 49), 28, 37, 1489.0000, 1.000, NS
(4, 45), 154, 93, 11742.5000, 0.832, NS
(45, 46), 962, 483, 186002.7000, 0.002, HH
(47, 6), 6, 29, 614.2000, 0.582, NS
(5, 9), 33, 16, 2467.1429, 0.997, NS
(46, 47), 76, 126, 7590.8800, 0.609, NS
(38, 43), 181, 164, 24348.1200, 0.099, NS
(39, 7), 95, 126, 6497.1094, 1.000, NS
(31, 3), 43, 64, 3548.4348, 0.875, NS
(42, 49), 36, 53, 2830.5000, 0.972, NS
(32, 4), 8, 16, 212.1905, 1.000, NS
(43, 13), 26, 48, 1825.2000, 0.969, NS
(35, 9), 66, 140, 8908.1143, 0.055, NS
(1, 16), 23, 162, 5890.3000, 0.000, NS
(34, 50), 3, 4, 95.0000, 1.000, NS
(27, 10), 89, 283, 14537.5143, 0.002, LL
(30, 15), 100, 107, 13845.8333, 0.026, HH
(20, 7), 72, 107, 6898.5000, 0.676, NS
(39, 20), 22, 74, 692.3125, 1.000, NS
(12, 3), 47, 61, 3110.8125, 0.949, NS
(31, 16), 130, 189, 33323.3333, 0.000, NS
(23, 12), 1, 17, 14.2500, 1.000, NS
(13, 4), 6, 11, 115.6000, 1.000, NS
(46, 1), 5, 11, 103.5000, 1.000, NS
(16, 9), 149, 225, 34082.6857, 0.000, NS
(49, 6), 21, 61, 2416.0000, 0.283, NS
(26, 22), 138, 128, 13857.5000, 0.605, NS
(50, 7), 18, 52, 1329.0000, 0.948, NS
(42, 3), 76, 150, 7406.5455, 0.638, NS
(8, 10), 22, 119, 1847.2143, 0.871, NS
(27, 23), 22, 37, 1769.9000, 0.870, NS
(19, 19), 134, 96, 19885.6000, 0.026, HH
(11, 15), 35, 103, 2347.9167, 0.984, NS
(30, 28), 489, 234, 107641.1250, 0.000, NS
(12, 16), 8, 29, 550.7368, 0.955, NS
(4, 12), 1, 1, 3.7000, 1.000, NS
(22, 29), 263, 222, 41291.0000, 0.002, HH
(46, 14), 48, 51, 4856.0000, 0.614, NS
(38, 10), 99, 160, 9407.8286, 0.732, NS
(49, 19), 17, 31, 904.0000, 1.000, NS
(15, 26), 7, 19, 174.4167, 1.000, NS
(7, 22), 490, 265, 81482.9167, 0.001, HH
(26, 35), 4, 7, 40.8000, 1.000, NS
(18, 31), 29, 47, 4235.6111, 0.022, LL
(42, 16), 343, 315, 105975.5667, 0.000, NS
(8, 23), 103, 87, 19441.2500, 0.004, HH
(11, 28), 45, 110, 2148.7500, 1.000, NS
(34, 17), 6, 36, 768.5143, 0.110, NS
(45, 26), 382, 199, 44479.1250, 0.335, NS
(37, 22), 102, 115, 11546.4000, 0.344, NS
(3, 29), 52, 83, 3376.1481, 0.991, NS
(22, 42), 85, 141, 8391.3889, 0.626, NS
(14, 38), 538, 183, 130967.1333, 0.000, NS
(38, 23), 195, 145, 34017.7500, 0.003, HH
(15, 39), 97, 220, 11441.9583, 0.221, NS
(7, 35), 36, 67, 3171.6000, 0.845, NS
(48, 36), 29, 48, 4703.8000, 0.009, LL
(18, 44), 15, 22, 906.6667, 0.998, NS
(41, 33), 113, 219, 22976.6667, 0.000, NS
(33, 29), 396, 168, 69384.8571, 0.000, NS
(25, 25), 126, 265, 32069.5200, 0.000, NS
(44, 38), 212, 194, 37538.1333, 0.001, HH
(10, 45), 24, 51, 525.4286, 1.000, NS
(34, 30), 3, 16, 150.8250, 1.000, NS
(37, 35), 18, 51, 1020.9600, 0.997, NS
(3, 42), 63, 132, 6085.2273, 0.667, NS
(14, 51), 38, 55, 2983.0000, 0.917, NS
(47, 48), 93, 305, 14808.7000, 0.002, LL
(29, 36), 44, 45, 5683.5429, 0.102, NS
(48, 49), 27, 56, 2334.5122, 0.896, NS
(21, 32), 139, 193, 24632.7857, 0.000, NS
(40, 45), 1, 16, 12.0625, 1.000, NS
(33, 42), 569, 319, 129479.1111, 0.000, NS
(25, 38), 27, 103, 2283.1200, 0.849, NS
(44, 51), 596, 287, 143313.1667, 0.000, NS
(17, 39), 136, 301, 19620.4286, 0.007, HH
(28, 48), 107, 165, 11865.1111, 0.386, NS
(29, 49), 27, 38, 1399.4043, 1.000, NS
(21, 45), 104, 175, 11899.3333, 0.349, NS
(22, 9), 128, 113, 15856.7619, 0.146, NS
(14, 5), 58, 25, 5196.3704, 0.877, NS
(13, 46), 33, 40, 1950.9600, 0.992, NS
(16, 51), 13, 36, 861.2500, 0.979, NS
(15, 6), 22, 57, 3480.8889, 0.002, LL
(7, 2), 5, 7, 211.0938, 1.000, NS
(48, 3), 75, 178, 8654.3478, 0.320, NS
(18, 11), 21, 71, 1602.1250, 0.929, NS
(9, 48), 254, 345, 38081.8571, 0.003, HH
(44, 5), 294, 66, 51074.3333, 0.000, NS
(10, 12), 36, 103, 2324.0000, 0.988, NS
(45, 6), 1, 12, 15.0435, 1.000, NS
(37, 2), 1, 0, 34.9444, 1.000, NS
(3, 9), 74, 128, 6956.0000, 0.719, NS
(14, 18), 24, 14, 2761.3333, 0.302, NS
(47, 15), 51, 170, 9214.0000, 0.000, NS
(29, 3), 69, 65, 4129.3846, 0.997, NS
(48, 16), 209, 259, 53991.6667, 0.000, NS
(40, 12), 3, 73, 217.5000, 0.902, NS
(6, 19), 11, 31, 924.7333, 0.886, NS
(41, 13), 29, 94, 5534.3600, 0.000, NS
(33, 9), 353, 233, 80837.0000, 0.000, NS
(25, 5), 2, 4, 60.6667, 1.000, NS
(44, 18), 15, 25, 805.0000, 1.000, NS
(10, 25), 302, 753, 72747.4857, 0.000, NS
(51, 26), 50, 60, 4012.5000, 0.835, NS
(43, 22), 413, 280, 55383.3000, 0.071, NS
(17, 6), 17, 67, 3111.4048, 0.000, NS
(36, 19), 23, 89, 3747.1600, 0.010, LL
(28, 15), 266, 275, 57448.6111, 0.000, NS
(47, 28), 116, 258, 26629.7333, 0.000, NS
(5, 31), 57, 26, 6007.1667, 0.499, NS
(29, 16), 105, 96, 17274.0000, 0.001, HH
(21, 12), 21, 35, 680.0000, 1.000, NS
(40, 25), 25, 203, 4401.2500, 0.005, LL
(6, 32), 10, 41, 939.2857, 0.777, NS
(39, 29), 91, 176, 5637.1250, 1.000, NS
(13, 13), 197, 114, 58059.8400, 0.000, NS
(32, 26), 24, 28, 903.4286, 1.000, NS
(51, 39), 13, 61, 411.1250, 1.000, NS
(24, 22), 16, 49, 710.2222, 1.000, NS
(43, 35), 8, 34, 311.6800, 1.000, NS
(16, 18), 57, 106, 15732.0000, 0.000, NS
(35, 31), 42, 102, 5409.6000, 0.120, NS
(1, 38), 2, 47, 161.6000, 0.868, NS
(17, 19), 54, 112, 7590.8571, 0.040, LL
(36, 32), 39, 96, 7422.2571, 0.000, NS
(9, 15), 158, 265, 30279.5714, 0.000, NS
(28, 28), 660, 229, 168721.6667, 0.000, NS
(5, 44), 311, 53, 54010.3333, 0.000, NS
(20, 29), 338, 294, 74034.0714, 0.000, NS
(39, 42), 174, 351, 18052.5000, 0.559, NS
(12, 25), 39, 66, 3090.7500, 0.881, NS
(31, 38), 285, 337, 71858.0000, 0.000, NS
(23, 34), 1, 11, 26.8500, 1.000, NS
(13, 26), 11, 25, 293.1500, 1.000, NS
(32, 39), 111, 185, 8239.7679, 0.997, NS
(24, 35), 59, 169, 11849.1667, 0.000, NS
(16, 31), 99, 167, 25182.3000, 0.000, NS
(35, 44), 24, 91, 1317.6000, 0.999, NS
(1, 51), 5, 23, 206.5625, 1.000, NS
(9, 28), 228, 312, 46897.4286, 0.000, NS
(50, 29), 136, 189, 24590.0952, 0.001, HH
(42, 25), 119, 301, 23089.9667, 0.001, HH
(8, 32), 42, 132, 7156.5000, 0.006, LL
(27, 45), 14, 31, 499.1000, 1.000, NS
(19, 41), 214, 166, 35797.9200, 0.006, HH
(11, 37), 30, 52, 1051.5000, 1.000, NS
(30, 50), 87, 74, 11248.3750, 0.143, NS
(20, 42), 80, 118, 7850.0000, 0.631, NS
(12, 38), 18, 31, 606.6000, 1.000, NS
(31, 51), 68, 71, 7689.6667, 0.346, NS
(23, 47), 62, 131, 9191.5000, 0.043, LL
(46, 36), 3, 13, 91.3200, 1.000, NS
(38, 32), 327, 253, 67436.7429, 0.000, NS
(49, 41), 12, 26, 642.3529, 1.000, NS
(15, 48), 144, 308, 30900.0000, 0.000, NS
(7, 44), 173, 153, 23693.7917, 0.031, HH
(50, 42), 47, 110, 3373.5556, 0.931, NS
(42, 38), 288, 330, 56476.8000, 0.000, NS
(8, 45), 62, 93, 6920.7500, 0.393, NS
(11, 50), 17, 33, 410.8333, 1.000, NS
(51, 6), 2, 10, 73.2500, 1.000, NS
(43, 2), 1, 1, 22.2222, 1.000, NS
(1, 5), 2, 5, 53.7222, 1.000, NS
(34, 39), 34, 124, 4225.3500, 0.131, NS
(4, 47), 9, 17, 243.0000, 1.000, NS
(45, 48), 13, 32, 273.5417, 1.000, NS
(37, 44), 384, 348, 79372.8000, 0.000, NS
(3, 51), 13, 28, 462.4286, 1.000, NS
(5, 11), 3, 8, 38.9118, 1.000, NS
(46, 49), 6, 10, 104.7429, 1.000, NS
(38, 45), 145, 71, 11991.5000, 0.839, NS
(39, 9), 111, 287, 10437.9643, 0.823, NS
(31, 5), 26, 28, 2498.4074, 0.731, NS
(23, 1), 1, 7, 29.7500, 1.000, NS
(33, 51), 88, 32, 6083.0000, 0.971, NS
(32, 6), 14, 44, 1331.0000, 0.755, NS
(24, 2), 1, 2, 72.4167, 0.963, NS
(35, 11), 42, 96, 3677.1000, 0.781, NS
(1, 18), 7, 44, 1091.7083, 0.023, LL
(27, 12), 9, 35, 394.6500, 0.999, NS
(19, 8), 19, 47, 1752.7500, 0.700, NS
(30, 17), 58, 54, 4434.9286, 0.987, NS
(20, 9), 32, 73, 2331.4286, 0.951, NS
(39, 22), 31, 68, 1037.8542, 1.000, NS
(31, 18), 34, 53, 5104.7222, 0.012, LL
(23, 14), 45, 83, 7366.8750, 0.006, LL
(46, 3), 27, 46, 599.4000, 1.000, NS
(49, 8), 19, 30, 1061.1852, 0.999, NS
(15, 15), 378, 197, 112791.0000, 0.000, NS
(26, 24), 4, 8, 43.0000, 1.000, NS
(18, 20), 5, 21, 216.8750, 1.000, NS
(50, 9), 16, 47, 899.8095, 0.991, NS
(42, 5), 35, 30, 2248.4259, 1.000, NS
(8, 12), 7, 39, 219.6250, 1.000, NS
(27, 25), 40, 186, 6187.2000, 0.017, LL
(19, 21), 89, 101, 8977.1333, 0.600, NS
(11, 17), 39, 112, 2681.2500, 0.975, NS
(30, 30), 239, 121, 50944.3438, 0.000, NS
(4, 14), 2, 10, 57.6667, 1.000, NS
(45, 15), 27, 43, 1018.1250, 1.000, NS
(22, 31), 81, 122, 12354.7500, 0.007, LL
(14, 27), 35, 65, 6442.3333, 0.000, NS
(46, 16), 22, 34, 1058.6400, 1.000, NS
(38, 12), 25, 29, 876.2500, 1.000, NS
(49, 21), 7, 14, 253.7949, 1.000, NS
(15, 28), 248, 318, 59430.4444, 0.000, NS
(7, 24), 26, 76, 2272.2917, 0.898, NS
(26, 37), 10, 23, 467.5000, 1.000, NS
(18, 33), 51, 66, 8053.7500, 0.006, LL
(41, 22), 44, 72, 4551.0667, 0.512, NS
(11, 30), 14, 42, 455.8750, 1.000, NS
(44, 27), 28, 62, 1942.2667, 0.983, NS
(10, 34), 24, 80, 2640.6857, 0.393, NS
(34, 19), 8, 31, 493.1200, 0.994, NS
(45, 28), 100, 172, 9120.8333, 0.739, NS
(37, 24), 15, 43, 909.5000, 0.996, NS
(3, 31), 36, 78, 3012.0000, 0.870, NS
(22, 44), 471, 305, 71919.0833, 0.007, HH
(14, 40), 20, 29, 1286.6667, 0.985, NS
(7, 37), 127, 127, 15046.3250, 0.231, NS
(48, 38), 98, 131, 9571.3333, 0.655, NS
(40, 34), 9, 73, 879.3000, 0.601, NS
(6, 41), 7, 20, 501.2000, 0.975, NS
(41, 35), 18, 47, 1504.0800, 0.864, NS
(33, 31), 305, 138, 74555.5556, 0.000, NS
(25, 27), 29, 158, 4410.3200, 0.022, LL
(44, 40), 11, 31, 346.0417, 1.000, NS
(10, 47), 72, 239, 9538.9714, 0.076, NS
(3, 44), 23, 52, 1015.0000, 1.000, NS
(36, 41), 15, 55, 2324.4000, 0.018, LL
(47, 50), 8, 32, 409.6000, 0.998, NS
(29, 38), 302, 258, 68277.8857, 0.000, NS
(48, 51), 31, 47, 1229.6667, 1.000, NS
(21, 34), 6, 18, 236.4000, 1.000, NS
(40, 47), 1, 47, 61.8500, 0.979, NS
(33, 44), 195, 87, 20984.1667, 0.479, NS
(25, 40), 106, 184, 19472.2000, 0.003, HH
(32, 48), 114, 193, 15428.0000, 0.054, NS
(26, 4), 89, 36, 4153.3333, 0.993, NS
(17, 41), 27, 68, 2974.6286, 0.400, NS
(9, 37), 60, 82, 5715.4286, 0.735, NS
(28, 50), 109, 130, 13612.8889, 0.242, NS
(10, 1), 280, 265, 56870.0000, 0.001, HH
(29, 51), 248, 217, 49635.4286, 0.000, NS
(21, 47), 33, 68, 2680.7000, 0.915, NS
(22, 11), 7, 19, 130.9583, 1.000, NS
(14, 7), 266, 206, 61240.9583, 0.000, NS
(13, 48), 312, 274, 67059.2000, 0.000, NS
(7, 4), 29, 33, 1019.8333, 1.000, NS
(48, 5), 18, 17, 662.3333, 1.000, NS
(40, 1), 29, 120, 4279.3125, 0.071, NS
(6, 8), 2, 16, 133.6667, 0.976, NS
(9, 50), 31, 37, 1523.4286, 0.998, NS
(44, 7), 142, 172, 19291.2917, 0.030, HH
(10, 14), 49, 144, 6843.6667, 0.015, LL
(2, 10), 2, 5, 96.8800, 1.000, NS
(37, 4), 3, 18, 90.8000, 1.000, NS
(3, 11), 98, 176, 8305.5000, 0.781, NS
(36, 8), 2, 16, 158.5000, 0.895, NS
(47, 17), 30, 132, 4647.4286, 0.006, LL
(5, 20), 81, 24, 9870.7500, 0.183, NS
(29, 5), 101, 57, 14383.6825, 0.004, HH
(48, 18), 115, 132, 21827.6389, 0.000, NS
(21, 1), 14, 27, 758.3333, 0.999, NS
(40, 14), 2, 28, 130.4167, 0.972, NS
(6, 21), 3, 13, 122.0833, 1.000, NS
(33, 11), 63, 53, 2926.8750, 1.000, NS
(25, 7), 32, 108, 2746.4000, 0.904, NS
(32, 15), 503, 299, 123223.0238, 0.000, NS
(51, 28), 132, 222, 23347.5000, 0.001, HH
(43, 24), 9, 42, 351.6000, 1.000, NS
(35, 20), 15, 36, 628.5000, 0.998, NS
(1, 27), 3, 42, 363.1500, 0.261, NS
(17, 8), 17, 47, 1681.1786, 0.623, NS
(36, 21), 8, 25, 584.0000, 0.966, NS
(9, 4), 13, 19, 311.3810, 1.000, NS
(28, 17), 78, 109, 9690.5714, 0.141, NS
(47, 30), 78, 187, 15120.3000, 0.000, NS
(5, 33), 68, 35, 4874.5926, 0.998, NS
(29, 18), 25, 38, 2192.8571, 0.857, NS
(21, 14), 42, 64, 4739.0000, 0.344, NS
(39, 31), 68, 161, 6146.9167, 0.864, NS
(31, 27), 52, 169, 10505.7333, 0.000, NS
(13, 15), 162, 219, 42778.8000, 0.000, NS
(32, 28), 550, 487, 136164.2857, 0.000, NS
(51, 41), 104, 94, 15600.0000, 0.049, HH
(24, 24), 80, 122, 16622.2222, 0.000, NS
(43, 37), 188, 194, 35148.4800, 0.000, NS
(16, 20), 20, 44, 1522.0000, 0.916, NS
(35, 33), 51, 110, 6976.8000, 0.062, NS
(1, 40), 32, 108, 5206.0000, 0.025, LL
(17, 21), 36, 56, 1927.7143, 1.000, NS
(9, 17), 85, 193, 13051.8367, 0.000, NS
(28, 30), 490, 243, 108535.0000, 0.000, NS
(27, 34), 9, 31, 930.6000, 0.560, NS
(30, 39), 55, 96, 2607.3438, 1.000, NS
(20, 31), 56, 110, 8752.3333, 0.017, LL
(39, 44), 43, 119, 1735.2292, 1.000, NS
(12, 27), 14, 46, 673.4737, 1.000, NS
(31, 40), 16, 56, 1364.0000, 0.816, NS
(4, 23), 27, 29, 1962.0000, 0.869, NS
(23, 36), 1, 5, 42.0500, 1.000, NS
(13, 28), 176, 189, 38819.7333, 0.000, NS
(24, 37), 28, 40, 1615.6000, 0.997, NS
(16, 33), 148, 192, 38544.1333, 0.000, NS
(50, 31), 29, 67, 3331.7778, 0.362, NS
(42, 27), 174, 365, 41620.8000, 0.000, NS
(8, 34), 1, 9, 59.4000, 0.990, NS
(27, 47), 102, 247, 21689.2800, 0.000, NS
(19, 43), 39, 56, 3012.3600, 0.934, NS
(11, 39), 130, 363, 9559.0625, 0.978, NS
(20, 44), 525, 313, 119350.0000, 0.000, NS
(12, 40), 25, 37, 1608.3333, 0.953, NS
(4, 36), 2, 1, 21.8667, 1.000, NS
(23, 49), 5, 12, 139.8214, 1.000, NS
(46, 38), 172, 170, 25992.6400, 0.028, HH
(38, 34), 10, 21, 549.2000, 0.998, NS
(49, 43), 8, 14, 226.4242, 1.000, NS
(15, 50), 50, 61, 4272.2222, 0.809, NS
(7, 46), 297, 186, 36226.5750, 0.168, NS
(6, 1), 11, 48, 1667.8750, 0.026, LL
(50, 44), 292, 248, 57897.1111, 0.003, HH
(42, 40), 66, 102, 7232.5000, 0.439, NS
(8, 47), 112, 236, 25631.2000, 0.000, NS
(51, 8), 16, 36, 1360.0000, 0.763, NS
(43, 4), 39, 38, 1705.6000, 0.999, NS
(1, 7), 6, 49, 439.1250, 0.979, NS
(34, 41), 9, 32, 537.4800, 0.997, NS
(45, 50), 87, 91, 7474.7500, 0.696, NS
(37, 46), 58, 75, 5616.7200, 0.666, NS
(5, 13), 18, 11, 1190.8000, 0.998, NS
(46, 51), 150, 163, 21360.0000, 0.062, NS
(38, 47), 241, 222, 50831.7200, 0.000, NS
(39, 11), 184, 381, 14490.0000, 0.938, NS
(31, 7), 227, 328, 51041.8958, 0.000, NS
(23, 3), 15, 57, 540.9375, 1.000, NS
(25, 49), 26, 95, 2925.0000, 0.360, NS
(24, 4), 1, 7, 9.2778, 1.000, NS
(35, 13), 61, 123, 11350.8800, 0.001, LL
(1, 20), 5, 51, 265.0000, 0.993, NS
(8, 1), 3, 16, 176.2500, 0.984, NS
(27, 14), 35, 56, 6592.8333, 0.000, NS
(19, 10), 268, 435, 46762.1714, 0.001, HH
(11, 6), 61, 101, 5596.7500, 0.755, NS
(30, 19), 59, 85, 6798.2750, 0.256, NS
(20, 11), 50, 90, 1968.7500, 0.999, NS
(12, 7), 22, 34, 762.6667, 1.000, NS
(31, 20), 60, 85, 7390.0000, 0.199, NS
(4, 3), 3, 2, 18.3000, 1.000, NS
(23, 16), 11, 41, 845.9000, 0.914, NS
(46, 5), 180, 64, 33124.0000, 0.000, NS
(38, 1), 24, 45, 1843.2000, 0.901, NS
(49, 10), 37, 114, 3462.7174, 0.797, NS
(15, 17), 142, 284, 36537.9524, 0.000, NS
(7, 13), 155, 129, 32406.6250, 0.000, NS
(26, 26), 194, 64, 14562.1250, 0.897, NS
(18, 22), 12, 17, 619.3333, 0.999, NS
(50, 11), 20, 54, 761.6667, 0.999, NS
(42, 7), 221, 297, 42445.8125, 0.000, NS
(8, 14), 58, 157, 14773.0833, 0.000, NS
(27, 27), 104, 140, 22655.3600, 0.000, NS
(19, 23), 18, 26, 993.6000, 0.994, NS
(11, 19), 41, 90, 1781.4500, 1.000, NS
(30, 32), 231, 204, 40750.8750, 0.000, NS
(34, 8), 2, 13, 118.4000, 0.992, NS
(4, 16), 2, 7, 28.2667, 1.000, NS
(45, 17), 4, 21, 77.0000, 1.000, NS
(37, 13), 32, 51, 3934.7200, 0.199, NS
(3, 20), 16, 52, 662.1538, 0.999, NS
(22, 33), 91, 94, 10780.9722, 0.219, NS
(14, 29), 222, 149, 41054.1429, 0.000, NS
(46, 18), 3, 22, 91.5000, 1.000, NS
(38, 14), 337, 166, 84474.6667, 0.000, NS
(49, 23), 7, 13, 187.8800, 1.000, NS
(15, 30), 73, 124, 11503.5833, 0.000, NS
(7, 26), 79, 73, 4132.6875, 1.000, NS
(26, 39), 6, 20, 53.4000, 1.000, NS
(18, 35), 47, 80, 10076.8000, 0.000, NS
(41, 24), 26, 62, 2376.4000, 0.780, NS
(33, 20), 140, 63, 10669.1667, 0.934, NS
(44, 29), 860, 278, 176115.7143, 0.000, NS
(10, 36), 106, 127, 23059.5429, 0.000, NS
(2, 32), 2, 4, 75.9286, 1.000, NS
(34, 21), 4, 20, 148.5333, 1.000, NS
(45, 30), 125, 116, 15000.0000, 0.250, NS
(37, 26), 18, 27, 892.8000, 0.997, NS
(3, 33), 69, 86, 6045.0000, 0.812, NS
(22, 46), 968, 361, 181209.6000, 0.000, NS
(14, 42), 209, 194, 42432.8056, 0.000, NS
(29, 27), 45, 74, 4870.2857, 0.435, NS
(48, 40), 28, 79, 2651.8333, 0.687, NS
(40, 36), 5, 27, 687.0000, 0.101, NS
(6, 43), 2, 15, 67.8000, 1.000, NS
(41, 37), 215, 104, 37754.0000, 0.002, HH
(33, 33), 142, 62, 33204.3333, 0.000, NS
(25, 29), 49, 114, 4415.6000, 0.792, NS
(44, 42), 181, 156, 19326.7778, 0.457, NS
(10, 49), 20, 100, 1790.0000, 0.864, NS
(51, 50), 419, 141, 85685.5000, 0.003, HH
(2, 45), 1, 1, 10.0769, 1.000, NS
(36, 43), 4, 28, 214.0800, 0.998, NS
(28, 39), 114, 210, 7761.5000, 0.995, NS
(29, 40), 30, 63, 1684.2857, 0.998, NS
(21, 36), 17, 30, 1346.9667, 0.920, NS
(40, 49), 4, 68, 330.3077, 0.883, NS
(25, 42), 64, 255, 11874.1333, 0.001, LL
(32, 50), 79, 84, 9367.1429, 0.280, NS
(24, 46), 10, 41, 281.0000, 1.000, NS
(26, 6), 1, 8, 10.5000, 1.000, NS
(18, 2), 1, 2, 70.1667, 0.968, NS
(17, 43), 26, 52, 1145.4857, 1.000, NS
(9, 39), 143, 253, 13051.3036, 0.870, NS
(10, 3), 49, 148, 4802.0000, 0.652, NS
(21, 49), 9, 20, 368.5385, 1.000, NS
(22, 13), 53, 42, 5748.7333, 0.413, NS
(14, 9), 157, 144, 33840.9762, 0.000, NS
(13, 50), 14, 28, 765.3333, 0.988, NS
(48, 7), 121, 149, 13683.0833, 0.307, NS
(40, 3), 8, 61, 672.5714, 0.769, NS
(6, 10), 36, 143, 5875.7143, 0.002, LL
(41, 4), 4, 6, 93.3333, 1.000, NS
(44, 9), 50, 118, 4982.1429, 0.640, NS
(10, 16), 267, 474, 81137.4857, 0.000, NS
(51, 17), 18, 35, 816.4286, 1.000, NS
(2, 12), 1, 0, 35.2500, 1.000, NS
(36, 10), 38, 177, 9106.9714, 0.000, NS
(28, 6), 8, 25, 633.3333, 0.947, NS
(47, 19), 32, 87, 3575.0400, 0.386, NS
(5, 22), 258, 61, 40654.1111, 0.001, HH
(29, 7), 276, 255, 49231.5000, 0.000, NS
(48, 20), 22, 50, 877.2500, 1.000, NS
(21, 3), 22, 61, 999.4286, 1.000, NS
(40, 16), 9, 97, 1534.0500, 0.009, LL
(25, 9), 52, 151, 6370.7429, 0.182, NS
(32, 17), 105, 187, 16883.5714, 0.000, NS
(51, 30), 59, 94, 11525.2812, 0.000, NS
(24, 13), 67, 128, 11729.4667, 0.000, NS
(43, 26), 124, 105, 9628.6000, 0.901, NS
(35, 22), 11, 42, 507.1000, 1.000, NS
(1, 29), 4, 81, 381.8571, 0.678, NS
(17, 10), 254, 488, 60778.5714, 0.000, NS
(9, 6), 16, 42, 1546.6667, 0.733, NS
(28, 19), 132, 205, 22303.6000, 0.004, HH
(47, 32), 114, 193, 20643.7714, 0.000, NS
(5, 35), 11, 8, 333.9111, 1.000, NS
(21, 16), 13, 51, 1126.6667, 0.842, NS
(20, 20), 427, 165, 78728.1250, 0.013, HH
(39, 33), 109, 159, 10141.5417, 0.823, NS
(31, 29), 225, 215, 48492.8571, 0.000, NS
(23, 25), 4, 27, 152.4000, 1.000, NS
(13, 17), 76, 189, 17768.8000, 0.000, NS
(32, 30), 207, 211, 39984.2679, 0.000, NS
(24, 26), 9, 10, 119.6250, 1.000, NS
(43, 39), 44, 104, 1279.3000, 1.000, NS
(16, 22), 32, 63, 2522.6667, 0.934, NS
(35, 35), 54, 98, 11160.7200, 0.000, NS
(1, 42), 23, 196, 4313.4583, 0.000, NS
(17, 23), 19, 32, 905.2143, 1.000, NS
(9, 19), 70, 144, 8882.0000, 0.125, NS
(50, 20), 415, 179, 72348.3333, 0.031, HH
(27, 36), 11, 22, 1499.9600, 0.098, NS
(19, 32), 324, 236, 65133.2571, 0.000, NS
(30, 41), 99, 97, 15305.4000, 0.005, HH
(20, 33), 82, 142, 7776.3333, 0.677, NS
(39, 46), 28, 59, 597.8000, 1.000, NS
(12, 29), 28, 28, 963.4074, 1.000, NS
(31, 42), 421, 393, 102291.3056, 0.000, NS
(4, 25), 1, 4, 9.0000, 1.000, NS
(23, 38), 115, 194, 24736.5000, 0.000, NS
(13, 30), 60, 90, 9628.5000, 0.001, LL
(46, 27), 26, 50, 1433.1200, 0.999, NS
(16, 35), 119, 222, 31216.0800, 0.000, NS
(49, 32), 24, 37, 1541.8776, 1.000, NS
(26, 48), 6, 16, 77.2500, 1.000, NS
(50, 33), 32, 61, 2176.0000, 0.944, NS
(42, 29), 212, 258, 37165.6190, 0.000, NS
(8, 36), 3, 2, 233.4000, 0.905, NS
(27, 49), 21, 29, 2024.4000, 0.706, NS
(19, 45), 19, 28, 593.7500, 1.000, NS
(11, 41), 35, 75, 1510.2500, 1.000, NS
(12, 42), 24, 40, 1105.0909, 1.000, NS
(4, 38), 10, 15, 394.0000, 1.000, NS
(45, 39), 33, 43, 450.2903, 1.000, NS
(5, 2), 1, 0, 14.8182, 1.000, NS
(46, 40), 2, 18, 28.4000, 1.000, NS
(38, 36), 26, 44, 2842.3200, 0.429, NS
(49, 45), 3, 10, 39.2400, 1.000, NS
(7, 48), 127, 157, 13575.7708, 0.458, NS
(42, 42), 429, 391, 103722.6667, 0.000, NS
(8, 49), 3, 28, 176.6786, 0.997, NS
(41, 46), 27, 43, 1891.0800, 0.973, NS
(51, 10), 31, 114, 1637.4643, 1.000, NS
(43, 6), 8, 15, 262.6667, 1.000, NS
(35, 2), 1, 1, 72.2500, 0.956, NS
(1, 9), 8, 83, 841.1429, 0.511, NS
(34, 43), 4, 10, 119.6800, 1.000, NS
(37, 48), 27, 77, 1617.3000, 0.996, NS
(27, 3), 68, 163, 8727.8000, 0.166, NS
(38, 49), 42, 59, 2163.6000, 1.000, NS
(30, 8), 197, 141, 35946.3438, 0.000, NS
(39, 13), 123, 162, 15199.7250, 0.154, NS
(31, 9), 227, 350, 52199.1905, 0.000, NS
(23, 5), 69, 30, 12893.4167, 0.000, NS
(25, 51), 27, 47, 1124.5500, 1.000, NS
(24, 6), 27, 87, 4854.7500, 0.000, NS
(16, 2), 1, 1, 63.1579, 0.982, NS
(26, 15), 3, 19, 71.7500, 1.000, NS
(8, 3), 30, 76, 2302.5000, 0.870, NS
(27, 16), 91, 220, 24417.1200, 0.000, NS
(19, 12), 27, 52, 1303.1053, 1.000, NS
(11, 8), 12, 41, 430.5000, 0.998, NS
(30, 21), 210, 155, 39886.8750, 0.000, NS
(20, 13), 21, 43, 1790.2500, 0.808, NS
(12, 9), 23, 39, 923.4074, 1.000, NS
(4, 5), 17, 14, 1085.4815, 0.988, NS
(23, 18), 10, 17, 481.6667, 0.999, NS
(22, 22), 566, 205, 105857.7222, 0.000, NS
(46, 7), 203, 230, 27115.7250, 0.056, NS
(38, 3), 89, 107, 5580.3000, 0.986, NS
(49, 12), 29, 45, 1713.1481, 0.995, NS
(15, 19), 371, 168, 74880.1667, 0.000, NS
(7, 15), 92, 133, 14116.2500, 0.003, LL
(26, 28), 41, 75, 2179.8333, 0.999, NS
(18, 24), 46, 127, 9713.6667, 0.000, NS
(42, 9), 407, 542, 91090.4762, 0.000, NS
(8, 16), 18, 95, 2808.9000, 0.032, LL
(19, 25), 64, 197, 9966.0800, 0.017, LL
(11, 21), 31, 44, 811.1667, 1.000, NS
(34, 10), 21, 88, 2365.2000, 0.352, NS
(45, 19), 10, 36, 313.0000, 1.000, NS
(37, 15), 147, 132, 21883.4000, 0.027, HH
(3, 22), 18, 35, 678.8571, 1.000, NS
(22, 35), 20, 34, 786.0000, 1.000, NS
(14, 31), 217, 159, 52568.2500, 0.000, NS
(46, 20), 115, 139, 10873.2500, 0.655, NS
(38, 16), 72, 69, 10566.7200, 0.046, LL
(49, 25), 26, 114, 2836.2286, 0.420, NS
(15, 32), 685, 342, 169798.4524, 0.000, NS
(7, 28), 590, 449, 136498.9583, 0.000, NS
(48, 29), 61, 138, 5537.9286, 0.814, NS
(18, 37), 9, 12, 542.1000, 1.000, NS
(41, 26), 10, 30, 340.5000, 1.000, NS
(33, 22), 128, 84, 14392.8889, 0.339, NS
(25, 18), 25, 97, 4762.5000, 0.000, NS
(44, 31), 157, 128, 25172.3333, 0.004, HH
(10, 38), 75, 195, 7705.7143, 0.518, NS
(2, 34), 1, 0, 67.7500, 0.959, NS
(45, 32), 39, 77, 2475.1071, 0.993, NS
(37, 28), 313, 349, 66126.4667, 0.000, NS
(3, 35), 54, 106, 9480.0000, 0.006, LL
(14, 44), 122, 86, 15246.6111, 0.154, NS
(47, 41), 21, 76, 2630.0400, 0.179, NS
(29, 29), 517, 164, 115069.4286, 0.000, NS
(48, 42), 350, 473, 66169.4444, 0.000, NS
(21, 25), 18, 58, 1001.4000, 0.998, NS
(40, 38), 3, 41, 153.7500, 0.998, NS
(6, 45), 3, 4, 48.8750, 1.000, NS
(41, 39), 30, 79, 1692.0000, 1.000, NS
(33, 35), 62, 87, 8768.8667, 0.037, LL
(25, 31), 43, 141, 6417.0333, 0.015, LL
(44, 44), 1697, 582, 395118.1667, 0.000, NS
(10, 51), 77, 97, 3883.0000, 1.000, NS
(2, 47), 2, 2, 103.6842, 0.997, NS
(43, 48), 31, 64, 1205.9000, 1.000, NS
(17, 32), 116, 122, 17485.2245, 0.003, HH
(28, 41), 217, 226, 43023.8667, 0.000, NS
(29, 42), 350, 257, 66341.6667, 0.000, NS
(21, 38), 81, 145, 13969.8000, 0.001, LL
(40, 51), 3, 20, 79.8750, 1.000, NS
(22, 2), 1, 2, 20.8333, 1.000, NS
(13, 39), 127, 200, 15605.1250, 0.178, NS
(24, 48), 88, 290, 14637.3333, 0.002, LL
(16, 44), 61, 79, 5292.7667, 0.839, NS
(18, 4), 3, 4, 27.8333, 1.000, NS
(17, 45), 26, 29, 595.2143, 1.000, NS
(9, 41), 65, 112, 8606.0000, 0.068, NS
(10, 5), 20, 11, 727.9365, 1.000, NS
(12, 51), 8, 21, 166.8571, 1.000, NS
(3, 2), 13, 7, 823.8750, 0.966, NS
(14, 11), 22, 35, 937.7500, 1.000, NS
(47, 8), 117, 149, 26371.8000, 0.000, NS
(48, 9), 308, 317, 47842.6667, 0.004, HH
(6, 12), 12, 46, 1077.8182, 0.745, NS
(42, 51), 66, 92, 4631.0000, 0.967, NS
(41, 6), 9, 29, 673.5000, 0.977, NS
(33, 2), 2, 3, 96.3636, 0.999, NS
(44, 11), 28, 34, 686.0000, 1.000, NS
(10, 18), 65, 208, 12478.4524, 0.000, NS
(51, 19), 58, 80, 5043.1000, 0.795, NS
(2, 14), 1, 0, 41.5833, 1.000, NS
(43, 15), 71, 75, 5724.9667, 0.919, NS
(36, 12), 9, 56, 598.7368, 0.971, NS
(28, 8), 175, 218, 35036.4583, 0.000, NS
(47, 21), 23, 69, 1826.9667, 0.926, NS
(5, 24), 10, 9, 301.6667, 1.000, NS
(29, 9), 157, 173, 24870.0816, 0.003, HH
(21, 5), 106, 45, 20118.4074, 0.000, NS
(40, 18), 3, 54, 319.5000, 0.472, NS
(6, 25), 31, 113, 5891.0333, 0.000, NS
(13, 6), 15, 33, 2025.5000, 0.068, NS
(32, 19), 316, 217, 55760.4571, 0.001, HH
(51, 32), 65, 122, 9933.3929, 0.012, LL
(24, 15), 75, 192, 13689.5833, 0.000, NS
(43, 28), 538, 428, 92069.7333, 0.001, HH
(16, 11), 31, 97, 2422.6500, 0.899, NS
(35, 24), 59, 196, 12390.0000, 0.000, NS
(1, 31), 3, 75, 470.6250, 0.022, LL
(17, 12), 13, 27, 775.8214, 0.997, NS
(36, 25), 13, 85, 2967.1200, 0.000, NS
(9, 8), 193, 228, 39351.3214, 0.000, NS
(28, 21), 318, 310, 56489.1667, 0.001, HH
(5, 37), 55, 17, 6439.8889, 0.233, NS
(20, 22), 123, 127, 12494.7500, 0.588, NS
(39, 35), 168, 348, 25586.4000, 0.003, HH
(12, 18), 4, 18, 280.7273, 0.956, NS
(31, 31), 220, 169, 60781.1111, 0.000, NS
(23, 27), 8, 51, 706.4000, 0.773, NS
(13, 19), 103, 126, 17827.2400, 0.003, HH
(32, 32), 547, 269, 126122.5714, 0.000, NS
(24, 28), 36, 112, 3561.0000, 0.626, NS
(16, 24), 114, 217, 30559.6000, 0.000, NS
(35, 37), 13, 42, 745.6800, 0.994, NS
(1, 44), 2, 36, 104.2500, 0.997, NS
(9, 21), 59, 85, 4476.9762, 0.979, NS
(50, 22), 90, 117, 8135.0000, 0.738, NS
(42, 18), 89, 180, 17451.4167, 0.000, NS
(8, 25), 3, 72, 230.5500, 0.913, NS
(27, 38), 53, 108, 8363.4000, 0.014, LL
(19, 34), 10, 34, 653.2000, 0.994, NS
(30, 43), 394, 208, 70752.5500, 0.000, NS
(20, 35), 13, 27, 590.2000, 1.000, NS
(12, 31), 7, 38, 310.6250, 1.000, NS
(31, 44), 127, 110, 18848.9167, 0.016, HH
(4, 27), 2, 7, 29.0667, 1.000, NS
(23, 40), 3, 13, 62.8125, 1.000, NS
(46, 29), 136, 190, 17796.5714, 0.086, NS
(38, 25), 47, 101, 3932.9600, 0.861, NS
(49, 34), 14, 37, 1576.8000, 0.376, NS
(15, 41), 189, 161, 38467.8000, 0.000, NS
(26, 50), 23, 29, 1314.8333, 0.966, NS
(18, 46), 13, 21, 422.9333, 1.000, NS
(50, 35), 5, 19, 173.6667, 1.000, NS
(42, 31), 334, 373, 83045.3889, 0.000, NS
(8, 38), 111, 321, 29265.1500, 0.000, NS
(27, 51), 8, 31, 404.4000, 0.999, NS
(19, 47), 25, 96, 3088.0000, 0.206, NS
(11, 43), 14, 32, 267.4000, 1.000, NS
(34, 32), 14, 30, 1032.4000, 0.973, NS
(45, 41), 20, 38, 1083.0000, 0.995, NS
(37, 37), 257, 107, 50269.2000, 0.000, NS
(47, 1), 7, 36, 603.0500, 0.798, NS
(5, 4), 21, 6, 1220.3333, 0.997, NS
(46, 42), 58, 103, 3375.6000, 0.999, NS
(38, 38), 366, 241, 88659.8400, 0.000, NS
(49, 47), 32, 72, 2580.7059, 0.926, NS
(7, 50), 32, 40, 2273.3333, 0.974, NS
(39, 2), 11, 4, 685.1935, 0.998, NS
(41, 48), 27, 84, 2667.6000, 0.625, NS
(43, 8), 30, 49, 2661.0000, 0.768, NS
(35, 4), 1, 7, 8.6667, 1.000, NS
(1, 11), 3, 85, 243.3750, 0.822, NS
(34, 45), 3, 6, 39.3000, 1.000, NS
(37, 50), 146, 121, 25170.4000, 0.014, HH
(27, 5), 9, 19, 508.4000, 1.000, NS
(19, 1), 61, 91, 8954.8000, 0.050, NS
(30, 10), 59, 115, 4663.1071, 0.982, NS
(39, 15), 89, 237, 10214.6042, 0.291, NS
(31, 11), 52, 93, 2593.5000, 0.999, NS
(23, 7), 218, 241, 40445.8125, 0.000, NS
(16, 4), 6, 9, 99.2000, 1.000, NS
(49, 1), 5, 26, 415.5769, 0.883, NS
(15, 8), 34, 81, 4510.6667, 0.131, NS
(26, 17), 2, 4, 24.3571, 1.000, NS
(18, 13), 57, 68, 11856.0000, 0.000, NS
(8, 5), 25, 25, 3288.8889, 0.091, NS
(27, 18), 73, 113, 14422.3667, 0.000, NS
(19, 14), 76, 151, 14095.4667, 0.001, LL
(11, 10), 102, 334, 7154.5714, 0.972, NS
(30, 23), 239, 155, 42504.6562, 0.001, HH
(12, 11), 47, 43, 1739.0000, 1.000, NS
(4, 7), 11, 29, 406.5417, 1.000, NS
(45, 8), 50, 79, 5618.7500, 0.397, NS
(22, 24), 15, 35, 594.1667, 1.000, NS
(14, 20), 61, 57, 5118.9167, 0.847, NS
(46, 9), 45, 96, 3614.1429, 0.936, NS
(38, 5), 162, 66, 20214.0000, 0.133, NS
(49, 14), 16, 29, 972.5714, 1.000, NS
(15, 21), 98, 103, 10311.7778, 0.504, NS
(7, 17), 36, 82, 3747.8571, 0.544, NS
(26, 30), 48, 52, 3426.0000, 0.984, NS
(42, 11), 59, 157, 3075.3750, 0.999, NS
(8, 18), 4, 37, 422.1667, 0.477, NS
(41, 15), 173, 159, 35436.1667, 0.000, NS
(11, 23), 8, 12, 119.5000, 1.000, NS
(44, 20), 614, 277, 113180.6667, 0.000, NS
(10, 27), 99, 270, 16513.2000, 0.000, NS
(34, 12), 8, 37, 594.1053, 0.919, NS
(45, 21), 116, 154, 13905.5000, 0.246, NS
(37, 17), 29, 74, 2130.2571, 0.980, NS
(3, 24), 45, 97, 7200.0000, 0.009, LL
(22, 37), 136, 108, 15345.3333, 0.361, NS
(14, 33), 205, 100, 45640.9722, 0.000, NS
(38, 18), 43, 36, 3673.6333, 0.857, NS
(7, 30), 406, 250, 83128.5000, 0.000, NS
(48, 31), 110, 169, 17266.9444, 0.006, HH
(40, 27), 3, 49, 236.7000, 0.893, NS
(6, 34), 5, 53, 721.1667, 0.029, LL
(41, 28), 210, 288, 48979.0000, 0.000, NS
(33, 24), 78, 96, 10868.0000, 0.035, LL
(25, 20), 26, 42, 1255.8000, 0.999, NS
(44, 33), 157, 131, 17483.6944, 0.352, NS
(10, 40), 151, 306, 23685.4286, 0.005, HH
(34, 25), 13, 78, 1860.0400, 0.045, LL
(37, 30), 151, 157, 28727.7500, 0.000, NS
(3, 37), 19, 42, 982.7222, 0.996, NS
(36, 34), 4, 17, 378.8800, 0.692, NS
(47, 43), 45, 115, 3328.2000, 0.946, NS
(5, 46), 232, 45, 41363.0222, 0.001, HH
(29, 31), 359, 240, 86920.7381, 0.000, NS
(48, 44), 50, 80, 2850.0000, 1.000, NS
(21, 27), 16, 43, 955.7333, 0.996, NS
(40, 40), 43, 150, 5345.4375, 0.212, NS
(6, 47), 4, 31, 410.1333, 0.548, NS
(33, 37), 136, 88, 15807.7333, 0.283, NS
(25, 33), 44, 134, 6558.9333, 0.020, LL
(32, 41), 267, 168, 52835.4857, 0.000, NS
(2, 49), 2, 1, 109.2857, 0.999, NS
(43, 50), 689, 264, 132379.8667, 0.005, HH
(35, 46), 14, 24, 417.2000, 1.000, NS
(17, 34), 14, 32, 1797.2000, 0.121, NS
(36, 47), 7, 33, 841.6800, 0.260, NS
(9, 30), 149, 165, 24619.5893, 0.000, NS
(28, 43), 541, 331, 85045.2000, 0.004, HH
(29, 44), 600, 254, 125400.0000, 0.000, NS
(21, 40), 9, 22, 312.7500, 1.000, NS
(22, 4), 56, 23, 3067.5556, 0.995, NS
(13, 41), 49, 79, 7939.9600, 0.009, LL
(24, 50), 10, 27, 352.7778, 1.000, NS
(16, 46), 28, 32, 1394.4000, 1.000, NS
(17, 47), 87, 147, 13579.4571, 0.006, LL
(9, 43), 59, 91, 4060.8857, 0.989, NS
(10, 7), 82, 202, 8239.5357, 0.648, NS
(2, 3), 4, 2, 249.5000, 0.972, NS
(4, 49), 2, 2, 11.0588, 1.000, NS
(3, 4), 1, 2, 6.7778, 1.000, NS
(36, 1), 13, 25, 2477.8000, 0.001, LL
(47, 10), 56, 261, 7190.4000, 0.091, NS
(48, 11), 63, 112, 2945.2500, 1.000, NS
(40, 7), 9, 47, 434.2500, 1.000, NS
(6, 14), 2, 10, 168.8333, 0.905, NS
(33, 4), 11, 11, 235.2778, 1.000, NS
(32, 8), 73, 126, 11328.0357, 0.011, LL
(51, 21), 683, 244, 197358.5417, 0.000, NS
(43, 17), 25, 39, 1095.7143, 1.000, NS
(17, 1), 50, 119, 9510.7143, 0.001, LL
(36, 14), 4, 34, 629.4667, 0.011, LL
(28, 10), 148, 319, 20018.7619, 0.039, HH
(47, 23), 61, 125, 8350.9000, 0.106, NS
(5, 26), 59, 14, 5844.2778, 0.655, NS
(29, 11), 66, 79, 2614.0714, 1.000, NS
(21, 7), 69, 139, 8189.4375, 0.200, NS
(39, 24), 140, 347, 21781.6667, 0.000, NS
(13, 8), 83, 113, 16898.8000, 0.000, NS
(32, 21), 226, 180, 35325.9524, 0.002, HH
(51, 34), 11, 14, 375.1000, 1.000, NS
(24, 17), 73, 180, 15622.0000, 0.000, NS
(43, 30), 285, 228, 56194.8750, 0.000, NS
(16, 13), 176, 183, 55848.3200, 0.000, NS
(35, 26), 3, 7, 39.7500, 1.000, NS
(1, 33), 7, 86, 1026.6667, 0.035, LL
(17, 14), 34, 44, 4607.8095, 0.039, LL
(9, 10), 151, 328, 20514.4286, 0.026, HH
(28, 23), 142, 191, 22288.0833, 0.015, HH
(5, 39), 20, 8, 463.7143, 1.000, NS
(20, 24), 15, 34, 706.8750, 1.000, NS
(39, 37), 27, 82, 1185.3000, 1.000, NS
(12, 20), 12, 24, 320.3077, 1.000, NS
(31, 33), 207, 185, 51934.0000, 0.000, NS
(23, 29), 63, 169, 10172.2500, 0.005, LL
(13, 21), 36, 50, 2860.8000, 0.931, NS
(24, 30), 31, 55, 2177.7500, 0.996, NS
(16, 26), 9, 17, 211.9500, 1.000, NS
(1, 46), 2, 9, 43.7000, 1.000, NS
(50, 24), 10, 33, 370.0000, 1.000, NS
(42, 20), 59, 121, 4656.0833, 0.908, NS
(8, 27), 32, 83, 5422.4000, 0.008, LL
(27, 40), 9, 48, 719.5500, 0.882, NS
(19, 36), 80, 69, 13664.0000, 0.006, LL
(11, 32), 53, 122, 2648.1071, 1.000, NS
(30, 45), 167, 114, 17404.5312, 0.498, NS
(20, 37), 303, 205, 62387.7000, 0.000, NS
(12, 33), 23, 34, 966.0000, 1.000, NS
(4, 29), 10, 12, 329.0476, 1.000, NS
(23, 42), 30, 115, 2887.5000, 0.648, NS
(46, 31), 57, 91, 5624.0000, 0.652, NS
(38, 27), 80, 87, 11100.8000, 0.078, NS
(49, 36), 4, 21, 306.7879, 0.958, NS
(15, 43), 95, 90, 7555.6667, 0.928, NS
(7, 39), 92, 132, 6158.2500, 1.000, NS
(18, 48), 98, 135, 18189.8889, 0.000, NS
(50, 37), 142, 118, 26572.9333, 0.007, HH
(42, 33), 446, 452, 106965.6667, 0.000, NS
(8, 40), 3, 16, 122.4375, 1.000, NS
(19, 49), 12, 47, 712.2353, 1.000, NS
(11, 45), 12, 16, 93.0000, 1.000, NS
(51, 1), 5, 34, 221.8750, 0.998, NS
(34, 34), 17, 26, 2271.8800, 0.095, NS
(45, 43), 487, 336, 60217.5500, 0.208, NS
(37, 39), 30, 95, 1285.5000, 1.000, NS
(3, 46), 13, 28, 331.1176, 1.000, NS
(46, 44), 285, 242, 43624.0000, 0.018, HH
(38, 40), 17, 43, 797.3000, 0.999, NS
(49, 49), 43, 40, 4141.4375, 0.736, NS
(39, 4), 5, 8, 33.4783, 1.000, NS
(41, 50), 54, 63, 7225.2000, 0.153, NS
(33, 46), 97, 54, 5962.2667, 0.996, NS
(32, 1), 36, 78, 5302.2857, 0.017, LL
(35, 6), 15, 57, 2663.0000, 0.001, LL
(1, 13), 12, 54, 2060.4000, 0.008, LL
(34, 47), 12, 41, 1039.2000, 0.829, NS
(27, 7), 67, 125, 11116.9750, 0.001, LL
(19, 3), 25, 66, 1525.0000, 0.983, NS
(30, 12), 15, 23, 428.2258, 1.000, NS
(20, 4), 14, 17, 416.5000, 1.000, NS
(31, 13), 166, 192, 43364.7333, 0.000, NS
(23, 9), 56, 102, 7108.0000, 0.155, NS
(49, 3), 42, 48, 4921.7778, 0.279, NS
(15, 10), 445, 658, 117427.0238, 0.000, NS
(7, 6), 8, 35, 555.5000, 0.999, NS
(26, 19), 6, 22, 120.3000, 1.000, NS
(18, 15), 29, 83, 5484.2222, 0.000, NS
(50, 4), 5, 9, 158.8889, 0.996, NS
(8, 7), 223, 313, 53450.3125, 0.000, NS
(27, 20), 10, 34, 453.5000, 1.000, NS
(19, 16), 76, 171, 18176.1600, 0.000, NS
(11, 12), 50, 44, 2033.3333, 0.997, NS
(30, 25), 20, 78, 1383.0000, 0.996, NS
(34, 1), 17, 22, 1731.4500, 0.546, NS
(4, 9), 6, 9, 132.2857, 1.000, NS
(45, 10), 18, 35, 353.5714, 1.000, NS
(37, 6), 9, 12, 472.2000, 1.000, NS
(3, 13), 42, 78, 4832.2105, 0.355, NS
(22, 26), 189, 92, 17805.3750, 0.683, NS
(14, 22), 121, 78, 17629.0278, 0.014, HH
(46, 11), 8, 19, 81.2000, 1.000, NS
(38, 7), 466, 328, 104384.0000, 0.000, NS
(49, 16), 17, 34, 1975.0000, 0.290, NS
(15, 23), 18, 40, 1298.2500, 0.962, NS
(7, 19), 77, 132, 8585.5000, 0.353, NS
(26, 32), 12, 32, 461.5714, 1.000, NS
(18, 28), 44, 70, 4983.0000, 0.326, NS
(41, 17), 32, 95, 3840.0000, 0.221, NS
(33, 13), 247, 114, 64154.1333, 0.000, NS
(44, 22), 502, 337, 73473.2778, 0.014, HH
(10, 29), 126, 244, 14243.1429, 0.314, NS
(2, 25), 3, 1, 166.6500, 0.993, NS
(34, 14), 6, 9, 405.8000, 0.992, NS
(45, 23), 314, 285, 58266.6250, 0.006, HH
(37, 19), 187, 144, 25087.9200, 0.083, NS
(3, 26), 4, 8, 45.5385, 1.000, NS
(22, 39), 36, 60, 1112.2500, 1.000, NS
(14, 35), 44, 34, 4317.8667, 0.644, NS
(29, 20), 330, 225, 59482.5000, 0.000, NS
(48, 33), 166, 137, 28040.1667, 0.001, HH
(40, 29), 9, 86, 493.0714, 0.997, NS
(6, 36), 4, 12, 568.0000, 0.040, LL
(41, 30), 69, 115, 12642.5250, 0.000, NS
(33, 26), 34, 20, 976.0833, 1.000, NS
(25, 22), 11, 40, 471.5333, 1.000, NS
(44, 35), 31, 46, 1523.1333, 1.000, NS
(10, 42), 316, 663, 69000.8571, 0.000, NS
(51, 43), 822, 320, 225762.3000, 0.000, NS
(2, 38), 3, 3, 110.7000, 1.000, NS
(36, 36), 12, 14, 2459.0400, 0.000, NS
(28, 32), 439, 355, 98900.4286, 0.000, NS
(47, 45), 45, 92, 2828.2500, 0.983, NS
(5, 48), 17, 11, 578.6296, 1.000, NS
(29, 33), 379, 260, 74202.7857, 0.000, NS
(48, 46), 36, 49, 1132.8000, 1.000, NS
(21, 29), 461, 375, 110837.5714, 0.000, NS
(40, 42), 9, 122, 979.8750, 0.455, NS
(6, 49), 11, 72, 1362.6250, 0.140, NS
(25, 35), 60, 233, 11971.2000, 0.000, NS
(32, 43), 197, 129, 25897.0571, 0.074, NS
(24, 39), 141, 384, 21429.0625, 0.002, HH
(35, 48), 116, 285, 20423.7333, 0.001, HH
(17, 36), 26, 65, 5384.2286, 0.000, NS
(36, 49), 2, 30, 161.7647, 0.941, NS
(9, 32), 220, 228, 39115.1020, 0.000, NS
(28, 45), 129, 141, 10099.6250, 0.907, NS
(21, 42), 64, 124, 6293.3333, 0.630, NS
(20, 46), 100, 125, 9910.0000, 0.594, NS
(23, 51), 50, 99, 6746.8750, 0.140, NS
(22, 6), 1, 10, 32.3611, 1.000, NS
(14, 2), 5, 5, 214.5833, 1.000, NS
(13, 43), 34, 52, 2317.4400, 0.983, NS
(16, 48), 229, 282, 59623.9667, 0.000, NS
(6, 3), 12, 51, 1716.0000, 0.065, NS
(17, 49), 26, 45, 2716.2041, 0.525, NS
(9, 45), 62, 65, 3004.7857, 1.000, NS
(50, 46), 93, 78, 9337.2000, 0.552, NS
(10, 9), 134, 362, 19339.7551, 0.010, HH
(4, 51), 14, 33, 635.8333, 0.996, NS
(36, 3), 2, 39, 164.2105, 0.849, NS
(47, 12), 14, 42, 575.4000, 1.000, NS
(5, 15), 18, 13, 1085.6667, 0.999, NS
(48, 13), 267, 253, 56408.2000, 0.000, NS
(40, 9), 8, 67, 527.7143, 0.988, NS
(6, 16), 10, 37, 1986.0000, 0.000, NS
(25, 2), 1, 1, 65.8947, 0.966, NS
(32, 10), 301, 464, 52810.1429, 0.000, NS
(51, 23), 40, 86, 5232.5000, 0.156, NS
(43, 19), 50, 49, 3762.0000, 0.945, NS
(35, 15), 62, 160, 11100.0667, 0.000, NS
(17, 3), 39, 88, 4962.7500, 0.147, NS
(36, 16), 19, 102, 5762.3200, 0.000, NS
(28, 12), 32, 37, 1326.6667, 1.000, NS
(47, 25), 20, 156, 2353.6000, 0.289, NS
(5, 28), 271, 66, 37327.7407, 0.025, HH
(21, 9), 34, 71, 2856.0000, 0.923, NS
(39, 26), 9, 15, 87.3871, 1.000, NS
(31, 22), 65, 106, 9007.9167, 0.038, LL
(13, 10), 157, 326, 33387.1714, 0.000, NS
(32, 23), 49, 75, 5335.7500, 0.398, NS
(51, 36), 10, 16, 630.0000, 0.974, NS
(24, 19), 31, 101, 3117.5667, 0.598, NS
(43, 32), 134, 116, 18775.3143, 0.037, HH
(16, 15), 206, 282, 65611.0000, 0.000, NS
(35, 28), 53, 126, 5398.9333, 0.528, NS
(1, 35), 6, 77, 1026.6000, 0.007, LL
(17, 16), 136, 162, 41934.6286, 0.000, NS
(9, 12), 17, 45, 646.6296, 1.000, NS
(50, 13), 11, 33, 726.7333, 0.940, NS
(27, 29), 23, 93, 2622.6571, 0.306, NS
(30, 34), 11, 13, 492.2500, 1.000, NS
(20, 26), 38, 52, 2030.6250, 0.994, NS
(39, 39), 466, 775, 55184.5938, 0.174, NS
(12, 22), 2, 11, 35.9048, 1.000, NS
(31, 35), 59, 123, 7609.0333, 0.120, NS
(23, 31), 36, 87, 5409.0000, 0.033, LL
(13, 23), 34, 33, 3160.3000, 0.688, NS
(16, 28), 109, 170, 21414.8667, 0.000, NS
(26, 41), 10, 19, 325.0000, 1.000, NS
(50, 26), 22, 32, 1274.1667, 0.954, NS
(42, 22), 81, 126, 7719.7500, 0.708, NS
(8, 29), 51, 169, 8690.0357, 0.006, LL
(27, 42), 116, 317, 26583.3333, 0.000, NS
(19, 38), 72, 170, 12528.0000, 0.001, LL
(11, 34), 43, 62, 3446.4500, 0.872, NS
(30, 47), 131, 103, 22047.3000, 0.000, NS
(12, 35), 13, 30, 1002.4444, 0.899, NS
(4, 31), 4, 13, 110.2222, 1.000, NS
(23, 44), 131, 177, 21533.1250, 0.005, HH
(22, 48), 33, 49, 1640.8333, 1.000, NS
(46, 33), 57, 91, 3847.5000, 0.988, NS
(38, 29), 339, 235, 68933.2286, 0.000, NS
(49, 38), 57, 57, 3024.2571, 1.000, NS
(15, 45), 25, 48, 930.2083, 1.000, NS
(7, 41), 95, 145, 13278.6250, 0.018, HH
(18, 50), 6, 15, 221.6667, 1.000, NS
(42, 35), 134, 227, 22936.3333, 0.001, HH
(8, 42), 40, 203, 7348.3333, 0.001, LL
(19, 51), 56, 67, 4466.0000, 0.869, NS
(11, 47), 30, 105, 1495.5000, 0.998, NS
(51, 3), 14, 40, 562.0000, 0.996, NS
(34, 36), 5, 17, 462.4000, 0.754, NS
(45, 45), 655, 300, 111350.0000, 0.013, HH
(37, 41), 319, 143, 56973.4000, 0.000, NS
(3, 48), 74, 127, 8883.5238, 0.255, NS
(38, 42), 192, 233, 36044.8000, 0.000, NS
(30, 1), 9, 28, 563.6250, 0.995, NS
(39, 6), 51, 124, 6975.3125, 0.024, LL
(31, 2), 2, 8, 86.6957, 0.999, NS
(33, 48), 192, 134, 33322.6667, 0.000, NS
(25, 44), 16, 45, 816.5333, 1.000, NS
(34, 49), 11, 40, 1275.3529, 0.279, NS
(26, 8), 15, 49, 985.3125, 0.960, NS
(27, 9), 146, 215, 30184.4571, 0.000, NS
(19, 5), 6, 7, 329.6000, 1.000, NS
(11, 1), 29, 81, 2055.3750, 0.921, NS
(30, 14), 188, 116, 38802.4167, 0.000, NS
(21, 51), 587, 278, 164090.9583, 0.000, NS
(20, 6), 7, 20, 297.5000, 0.999, NS
(23, 11), 7, 15, 115.5000, 1.000, NS
(22, 15), 63, 71, 5493.2500, 0.867, NS
(49, 5), 3, 4, 65.2632, 1.000, NS
(15, 12), 23, 60, 1560.0000, 0.979, NS
(7, 8), 429, 285, 92731.0312, 0.000, NS
(26, 21), 25, 50, 1979.1667, 0.900, NS
(18, 17), 39, 85, 8542.8571, 0.000, NS
(50, 6), 8, 17, 294.6667, 1.000, NS
(8, 9), 138, 242, 30019.9286, 0.000, NS
(19, 18), 13, 56, 1499.7667, 0.326, NS
(11, 14), 17, 30, 782.7083, 1.000, NS
(34, 3), 28, 60, 3920.0000, 0.092, NS
(45, 12), 2, 12, 13.7333, 1.000, NS
(37, 8), 34, 84, 3403.4000, 0.552, NS
(3, 15), 40, 65, 3862.6087, 0.670, NS
(22, 28), 360, 308, 66520.0000, 0.000, NS
(14, 24), 34, 52, 3418.8889, 0.599, NS
(46, 13), 28, 42, 1756.1600, 0.993, NS
(38, 9), 220, 243, 43107.4286, 0.000, NS
(49, 18), 24, 30, 3096.6000, 0.093, NS
(15, 25), 130, 289, 31399.3333, 0.000, NS
(7, 21), 98, 120, 10822.8750, 0.398, NS
(48, 22), 36, 70, 1879.0000, 1.000, NS
(18, 30), 15, 28, 1224.0625, 0.959, NS
(41, 19), 206, 152, 31287.2800, 0.018, HH
(33, 15), 365, 208, 86839.5833, 0.000, NS
(25, 11), 48, 176, 4783.2000, 0.590, NS
(44, 24), 32, 70, 1582.2222, 1.000, NS
(10, 31), 156, 339, 28845.1429, 0.000, NS
(2, 27), 2, 1, 111.4737, 0.991, NS
(34, 16), 7, 27, 979.1600, 0.068, NS
(45, 25), 3, 22, 53.1000, 1.000, NS
(37, 21), 397, 273, 89708.7667, 0.000, NS
(3, 28), 49, 144, 3752.5833, 0.923, NS
(14, 37), 80, 85, 10154.6667, 0.141, NS
(47, 34), 8, 31, 675.8400, 0.872, NS
(29, 22), 196, 208, 29059.3333, 0.009, HH
(48, 35), 121, 226, 21780.0000, 0.001, HH
(21, 18), 6, 28, 302.5000, 1.000, NS
(40, 31), 2, 51, 170.1667, 0.858, NS
(6, 38), 12, 25, 793.6000, 0.988, NS
(41, 32), 194, 179, 41427.3143, 0.000, NS
(33, 28), 700, 230, 159405.5556, 0.000, NS
(25, 24), 74, 264, 16252.8667, 0.000, NS
(44, 37), 403, 234, 72472.8333, 0.001, HH
(10, 44), 59, 82, 3811.1190, 0.995, NS
(51, 45), 164, 165, 19065.0000, 0.348, NS
(43, 41), 72, 72, 9607.6800, 0.103, NS
(17, 25), 133, 239, 31870.6000, 0.000, NS
(36, 38), 11, 49, 1359.6000, 0.178, NS
(28, 34), 20, 24, 1309.3333, 0.989, NS
(47, 47), 222, 271, 56654.4000, 0.000, NS
(5, 50), 62, 16, 7674.2222, 0.185, NS
(29, 35), 66, 59, 5272.4571, 0.951, NS
(21, 31), 69, 139, 11109.0000, 0.002, LL
(40, 44), 2, 34, 70.1667, 1.000, NS
(6, 51), 5, 17, 171.6667, 1.000, NS
(39, 48), 200, 407, 23325.0000, 0.244, NS
(13, 32), 160, 219, 34294.8571, 0.000, NS
(32, 45), 53, 69, 3049.3929, 0.996, NS
(24, 41), 23, 61, 1900.5667, 0.905, NS
(16, 37), 25, 56, 2709.0000, 0.453, NS
(35, 50), 3, 22, 107.8000, 1.000, NS
(26, 1), 1, 4, 10.4375, 1.000, NS
(17, 38), 57, 82, 5672.3143, 0.626, NS
(36, 51), 3, 13, 176.8500, 0.994, NS
(9, 34), 15, 41, 1140.4286, 0.972, NS
(28, 47), 155, 185, 32110.8333, 0.000, NS
(20, 48), 9, 46, 384.7500, 1.000, NS
(12, 44), 6, 12, 127.0435, 1.000, NS
(22, 8), 215, 171, 38028.1250, 0.002, HH
(14, 4), 11, 7, 337.9444, 1.000, NS
(13, 45), 36, 29, 1436.4000, 1.000, NS
(16, 50), 17, 36, 1078.9333, 0.962, NS
(48, 2), 2, 5, 96.4348, 1.000, NS
(6, 5), 1, 6, 27.3019, 1.000, NS
(9, 47), 411, 405, 96678.9429, 0.000, NS
(50, 48), 9, 35, 301.0000, 1.000, NS
(42, 44), 149, 155, 15467.0278, 0.530, NS
(8, 51), 13, 36, 1099.3125, 0.790, NS
(44, 4), 28, 25, 1141.7778, 1.000, NS
(10, 11), 76, 302, 5529.0000, 0.961, NS
(51, 12), 16, 41, 453.7143, 1.000, NS
(2, 7), 2, 1, 78.3333, 1.000, NS
(36, 5), 1, 2, 38.4222, 1.000, NS
(28, 1), 17, 47, 1853.7083, 0.421, NS
(47, 14), 109, 179, 28648.8333, 0.000, NS
(5, 17), 5, 3, 171.4286, 1.000, NS
(38, 51), 99, 83, 12379.9500, 0.225, NS
(29, 2), 2, 4, 70.4615, 1.000, NS
(40, 11), 9, 138, 697.5000, 0.859, NS
(6, 18), 7, 28, 1178.1389, 0.002, LL
(32, 12), 53, 55, 2538.1111, 1.000, NS
(51, 25), 8, 48, 374.4000, 1.000, NS
(24, 8), 10, 62, 841.6667, 0.823, NS
(43, 21), 701, 352, 191139.3333, 0.000, NS
(35, 17), 70, 143, 14952.0000, 0.000, NS
(1, 24), 22, 103, 4240.5000, 0.000, NS
(17, 5), 10, 5, 369.3651, 1.000, NS
(36, 18), 3, 41, 504.1000, 0.003, LL
(9, 1), 26, 63, 2504.3571, 0.690, NS
(28, 14), 302, 191, 78008.2778, 0.000, NS
(47, 27), 94, 236, 20473.2000, 0.000, NS
(5, 30), 167, 32, 27269.7083, 0.000, NS
(20, 15), 71, 130, 8549.5833, 0.239, NS
(39, 28), 123, 226, 9319.8125, 0.983, NS
(31, 24), 60, 133, 7780.0000, 0.098, NS
(23, 20), 56, 102, 5446.0000, 0.612, NS
(13, 12), 8, 18, 393.7778, 0.998, NS
(32, 25), 76, 222, 11673.6000, 0.005, LL
(24, 21), 18, 39, 846.5000, 1.000, NS
(43, 34), 9, 12, 260.2800, 1.000, NS
(16, 17), 170, 229, 53083.7143, 0.000, NS
(35, 30), 30, 67, 2195.2500, 0.988, NS
(1, 37), 5, 30, 388.5000, 0.907, NS
(9, 14), 147, 164, 32448.5000, 0.000, NS
(50, 15), 40, 53, 3895.5556, 0.610, NS
(27, 31), 46, 136, 9426.9333, 0.000, NS
(19, 27), 18, 67, 2217.6000, 0.218, NS
(30, 36), 11, 32, 974.0500, 0.856, NS
(20, 28), 223, 275, 42509.3750, 0.001, HH
(39, 41), 36, 86, 2112.3000, 1.000, NS
(12, 24), 15, 32, 1241.0870, 0.861, NS
(31, 37), 120, 147, 19604.0000, 0.002, HH
(4, 20), 7, 32, 190.7500, 1.000, NS
(23, 33), 36, 87, 4143.0000, 0.309, NS
(46, 22), 935, 389, 181140.6667, 0.000, NS
(16, 30), 53, 73, 6786.6500, 0.086, NS
(49, 27), 30, 48, 2883.5294, 0.690, NS
(15, 34), 18, 37, 1894.8000, 0.502, NS
(26, 43), 131, 140, 10696.1500, 0.870, NS
(18, 39), 108, 197, 16708.5000, 0.000, NS
(50, 28), 130, 200, 18618.8889, 0.072, NS
(42, 24), 112, 227, 19102.2222, 0.000, NS
(8, 31), 66, 262, 15501.7500, 0.000, NS
(27, 44), 24, 72, 1879.2000, 0.933, NS
(19, 40), 35, 71, 3160.5000, 0.757, NS
(11, 36), 10, 50, 626.5000, 0.979, NS
(30, 49), 11, 31, 469.6000, 1.000, NS
(12, 37), 13, 27, 413.1111, 1.000, NS
(4, 33), 7, 10, 140.7778, 1.000, NS
(45, 34), 3, 4, 38.0526, 1.000, NS
(22, 50), 111, 100, 10107.1667, 0.711, NS
(14, 46), 75, 39, 6717.5000, 0.795, NS
(46, 35), 5, 14, 122.0000, 1.000, NS
(38, 31), 264, 290, 65040.8000, 0.000, NS
(49, 40), 20, 53, 1576.2963, 0.935, NS
(15, 47), 98, 191, 18456.6667, 0.000, NS
(7, 43), 135, 127, 13965.7500, 0.576, NS
(8, 44), 40, 83, 5233.3333, 0.140, NS
(41, 41), 133, 89, 23663.3600, 0.000, NS
(11, 49), 44, 84, 2977.3333, 0.984, NS
(44, 46), 350, 232, 50493.3333, 0.027, HH
(43, 1), 9, 20, 341.5500, 1.000, NS
(34, 38), 4, 21, 228.6400, 0.997, NS
(45, 47), 58, 99, 3894.7000, 0.967, NS
(37, 43), 242, 230, 50490.8800, 0.000, NS
(3, 50), 8, 18, 315.5556, 0.992, NS
(30, 3), 35, 46, 1826.7742, 1.000, NS
(39, 8), 30, 90, 1973.4375, 0.989, NS
(31, 4), 10, 14, 284.4444, 1.000, NS
(33, 50), 57, 32, 3306.0000, 0.991, NS
(25, 46), 14, 33, 372.9600, 1.000, NS
(15, 1), 77, 133, 16426.6667, 0.000, NS
(34, 51), 7, 17, 220.1500, 1.000, NS
(26, 10), 6, 32, 75.6429, 1.000, NS
(18, 6), 14, 30, 2406.8333, 0.003, LL
(27, 11), 29, 99, 1494.9500, 0.996, NS
(19, 7), 60, 114, 7596.0000, 0.108, NS
(11, 3), 82, 156, 6975.4667, 0.760, NS
(30, 16), 72, 57, 8713.8000, 0.172, NS
(45, 1), 1, 9, 15.8125, 1.000, NS
(22, 17), 12, 35, 580.0000, 1.000, NS
(14, 13), 145, 65, 32716.8333, 0.000, NS
(49, 7), 29, 50, 1656.2222, 1.000, NS
(15, 14), 115, 134, 26587.3611, 0.000, NS
(7, 10), 77, 218, 7319.1250, 0.793, NS
(26, 23), 96, 104, 11964.0000, 0.233, NS
(18, 19), 17, 35, 1724.3667, 0.588, NS
(42, 4), 10, 23, 186.6667, 1.000, NS
(8, 11), 10, 38, 349.3750, 1.000, NS
(41, 8), 25, 74, 2872.5000, 0.316, NS
(11, 16), 24, 73, 1836.0000, 0.912, NS
(44, 13), 54, 52, 5472.0000, 0.579, NS
(10, 20), 71, 128, 4173.7857, 0.998, NS
(34, 5), 3, 1, 67.5682, 1.000, NS
(45, 14), 24, 40, 1578.0000, 0.980, NS
(37, 10), 140, 181, 12608.0000, 0.814, NS
(3, 17), 36, 88, 5080.3200, 0.056, NS
(22, 30), 449, 227, 86750.5417, 0.000, NS
(14, 26), 20, 23, 778.3333, 1.000, NS
(38, 11), 33, 69, 1260.6000, 1.000, NS
(7, 23), 287, 197, 46144.2188, 0.005, HH
(48, 24), 146, 271, 25598.6667, 0.001, HH
(40, 20), 5, 52, 152.1875, 1.000, NS
(6, 27), 4, 26, 530.0000, 0.089, NS
(41, 21), 177, 128, 29488.2000, 0.002, HH
(33, 17), 113, 107, 21096.0238, 0.000, NS
(25, 13), 33, 117, 6072.0000, 0.001, LL
(44, 26), 56, 75, 3959.6667, 0.960, NS
(10, 33), 176, 356, 32187.0476, 0.000, NS
(2, 29), 2, 0, 68.4444, 1.000, NS
(34, 18), 8, 14, 1145.8667, 0.038, LL
(37, 23), 37, 60, 3875.7500, 0.464, NS
(3, 30), 34, 56, 2044.5333, 0.996, NS
(36, 27), 3, 32, 444.4800, 0.039, LL
(47, 36), 7, 35, 778.9600, 0.379, NS
(29, 24), 42, 69, 3475.0000, 0.935, NS
(48, 37), 41, 63, 2398.5000, 0.997, NS
(21, 20), 486, 220, 106839.0000, 0.000, NS
(40, 33), 9, 74, 741.7500, 0.890, NS
(6, 40), 19, 82, 2485.8333, 0.140, NS
(33, 30), 367, 150, 63192.8125, 0.000, NS
(25, 26), 4, 15, 59.6000, 1.000, NS
(32, 34), 17, 26, 1216.7143, 0.980, NS
(51, 47), 33, 71, 2116.9500, 0.983, NS
(2, 42), 1, 3, 44.5455, 1.000, NS
(43, 43), 2236, 574, 585295.3600, 0.000, NS
(35, 39), 135, 315, 20827.1250, 0.002, HH
(17, 27), 91, 171, 18187.0000, 0.000, NS
(36, 40), 9, 33, 1356.7500, 0.053, NS
(9, 23), 87, 99, 9629.0357, 0.386, NS
(28, 36), 41, 71, 6195.1000, 0.017, LL
(47, 49), 7, 52, 569.6000, 0.931, NS
(29, 37), 362, 153, 70269.3714, 0.000, NS
(21, 33), 66, 130, 6398.3333, 0.696, NS
(39, 50), 26, 61, 711.7500, 1.000, NS
(31, 46), 55, 74, 4651.1667, 0.861, NS
(13, 34), 8, 20, 781.7600, 0.649, NS
(32, 47), 133, 205, 23810.8000, 0.000, NS
(24, 43), 23, 38, 927.6667, 1.000, NS
(16, 39), 137, 269, 22731.7250, 0.001, HH
(17, 40), 33, 76, 5039.5714, 0.017, LL
(9, 36), 26, 47, 3272.2857, 0.143, NS
(28, 49), 35, 47, 2077.5000, 1.000, NS
(20, 50), 401, 130, 72046.3333, 0.026, HH
(12, 46), 8, 8, 81.4118, 1.000, NS
(4, 42), 6, 13, 108.6667, 1.000, NS
(14, 6), 12, 17, 962.0000, 0.941, NS
(47, 3), 64, 194, 6816.0000, 0.462, NS
(13, 47), 327, 364, 87086.6400, 0.000, NS
(48, 4), 9, 6, 92.5000, 1.000, NS
(6, 7), 4, 30, 285.0000, 0.997, NS
(50, 50), 217, 77, 35997.8889, 0.064, NS
(42, 46), 71, 109, 3826.9000, 1.000, NS
(44, 6), 7, 15, 285.0556, 1.000, NS
(10, 13), 184, 281, 40327.5429, 0.000, NS
(51, 14), 22, 36, 1925.9167, 0.804, NS
(2, 9), 1, 0, 46.8519, 0.999, NS
(43, 10), 25, 86, 1220.7143, 1.000, NS
(36, 7), 9, 29, 931.0500, 0.559, NS
(28, 3), 66, 90, 4515.5000, 0.976, NS
(47, 16), 40, 204, 9094.4000, 0.000, NS
(5, 19), 9, 14, 453.8000, 1.000, NS
(29, 4), 11, 17, 387.6190, 1.000, NS
(40, 13), 7, 34, 694.7500, 0.599, NS
(6, 20), 6, 11, 217.5000, 1.000, NS
(39, 17), 128, 329, 18230.8571, 0.008, HH
(13, 1), 22, 47, 3551.9000, 0.013, LL
(32, 14), 331, 240, 79045.9524, 0.000, NS
(51, 27), 8, 28, 390.0000, 1.000, NS
(24, 10), 189, 518, 37017.0000, 0.000, NS
(43, 23), 157, 185, 21297.0500, 0.106, NS
(16, 6), 20, 55, 4154.0000, 0.000, NS
(35, 19), 23, 64, 2247.5600, 0.630, NS
(17, 7), 55, 103, 5932.1429, 0.426, NS
(36, 20), 13, 33, 980.2000, 0.919, NS
(9, 3), 99, 162, 9599.3333, 0.667, NS
(28, 16), 134, 133, 26304.2000, 0.000, NS
(5, 32), 51, 24, 5085.4286, 0.673, NS
(20, 17), 19, 51, 1040.9286, 0.998, NS
(39, 30), 76, 114, 4189.5000, 1.000, NS
(12, 13), 10, 10, 478.4211, 0.998, NS
(31, 26), 19, 31, 737.8333, 1.000, NS
(23, 22), 378, 346, 81758.2500, 0.000, NS
(13, 14), 125, 97, 29041.6667, 0.000, NS
(32, 27), 66, 183, 9828.3429, 0.012, LL
(24, 23), 9, 43, 361.1250, 1.000, NS
(16, 19), 84, 139, 17072.1600, 0.000, NS
(35, 32), 63, 113, 6971.4000, 0.356, NS
(1, 39), 15, 116, 1654.2188, 0.405, NS
(9, 16), 139, 214, 31211.4571, 0.000, NS
(50, 17), 11, 31, 471.9524, 1.000, NS
(42, 13), 319, 263, 87980.2000, 0.000, NS
(8, 20), 22, 45, 1601.8750, 0.909, NS
(27, 33), 64, 164, 14400.0000, 0.000, NS
(19, 29), 219, 235, 37668.0000, 0.001, HH
(11, 25), 59, 235, 5625.6500, 0.646, NS
(30, 38), 346, 259, 75644.2500, 0.000, NS
(20, 30), 98, 104, 17857.4375, 0.000, NS
(12, 26), 2, 4, 12.7692, 1.000, NS
(31, 39), 70, 167, 5989.3750, 0.927, NS
(4, 22), 43, 46, 2599.1111, 0.988, NS
(23, 35), 3, 25, 120.1500, 1.000, NS
(46, 24), 5, 17, 119.8333, 1.000, NS
(38, 20), 83, 98, 10005.6500, 0.280, NS
(49, 29), 23, 56, 1260.2083, 1.000, NS
(15, 36), 101, 84, 24411.7000, 0.000, NS
(7, 32), 252, 271, 45594.0000, 0.000, NS
(26, 45), 423, 221, 51103.6875, 0.300, NS
(18, 41), 3, 28, 255.5000, 0.867, NS
(50, 30), 51, 81, 7443.8750, 0.048, LL
(42, 26), 13, 29, 336.9167, 1.000, NS
(8, 33), 95, 226, 20995.0000, 0.000, NS
(27, 46), 27, 50, 1489.3200, 0.997, NS
(19, 42), 169, 325, 36166.0000, 0.000, NS
(11, 38), 29, 80, 1115.0500, 1.000, NS
(30, 51), 120, 95, 20666.2500, 0.000, NS
(34, 27), 3, 35, 318.6000, 0.471, NS
(45, 36), 3, 12, 67.9500, 1.000, NS
(37, 32), 260, 217, 50937.7143, 0.000, NS
(3, 39), 305, 398, 39995.6667, 0.095, NS
(14, 48), 70, 70, 8444.7222, 0.189, NS
(46, 37), 50, 88, 4902.0000, 0.625, NS
(38, 33), 611, 329, 130448.5000, 0.000, NS
(49, 42), 29, 56, 2213.4250, 0.971, NS
(15, 49), 22, 46, 2004.6829, 0.828, NS
(7, 45), 172, 105, 14340.5000, 0.887, NS
(41, 43), 74, 84, 10537.6000, 0.043, LL
(33, 39), 184, 119, 17257.6667, 0.808, NS
(44, 48), 54, 70, 2784.0000, 1.000, NS
(1, 6), 6, 58, 976.7500, 0.011, LL
(34, 40), 16, 61, 1608.8000, 0.586, NS
(45, 49), 1, 3, 13.0385, 1.000, NS
(37, 45), 40, 79, 2924.0000, 0.944, NS
(30, 5), 145, 45, 22029.9306, 0.000, NS
(29, 46), 127, 157, 14971.4857, 0.238, NS
(31, 6), 11, 41, 1106.4167, 0.619, NS
(23, 2), 3, 0, 66.9375, 1.000, NS
(25, 48), 65, 228, 10965.5000, 0.003, LL
(15, 3), 40, 64, 3911.3043, 0.639, NS
(26, 12), 2, 7, 10.0000, 1.000, NS
(18, 8), 9, 31, 917.6250, 0.519, NS
(27, 13), 123, 175, 32585.1600, 0.000, NS
(19, 9), 68, 144, 10437.0286, 0.009, LL
(11, 5), 4, 2, 52.5714, 1.000, NS
(30, 18), 16, 23, 1141.0000, 0.994, NS
(45, 3), 10, 31, 162.6667, 1.000, NS
(3, 6), 21, 51, 2745.7500, 0.137, NS
(22, 19), 46, 48, 3203.1333, 0.984, NS
(14, 15), 128, 120, 25351.1111, 0.000, NS
(46, 4), 126, 85, 8752.8000, 0.928, NS
(49, 9), 26, 62, 1875.7917, 0.992, NS
(15, 16), 183, 289, 63745.0000, 0.000, NS
(7, 12), 17, 27, 555.1562, 1.000, NS
(26, 25), 1, 12, 11.9000, 1.000, NS
(18, 21), 10, 31, 509.7222, 1.000, NS
(41, 10), 118, 202, 16587.4286, 0.036, HH
(33, 6), 18, 34, 1884.5000, 0.524, NS
(44, 15), 119, 93, 12227.2500, 0.546, NS
(10, 22), 38, 83, 1827.6190, 1.000, NS
(34, 7), 7, 20, 424.7250, 0.999, NS
(45, 16), 7, 23, 226.4500, 1.000, NS
(37, 12), 14, 42, 555.3333, 0.999, NS
(3, 19), 28, 54, 1612.2105, 0.983, NS
(22, 32), 93, 119, 12231.7143, 0.067, NS
(14, 28), 615, 213, 146780.0000, 0.000, NS
(29, 13), 85, 83, 15426.2857, 0.001, LL
(48, 26), 12, 9, 180.5000, 1.000, NS
(40, 22), 2, 22, 49.3333, 1.000, NS
(6, 29), 7, 23, 477.5000, 0.995, NS
(41, 23), 15, 32, 1305.0000, 0.776, NS
(33, 19), 285, 125, 48307.5000, 0.003, HH
(25, 15), 122, 267, 26620.4000, 0.000, NS
(44, 28), 753, 416, 144262.2500, 0.000, NS
(10, 35), 116, 370, 22510.6286, 0.000, NS
(2, 31), 2, 2, 87.2500, 1.000, NS
(36, 29), 12, 85, 1687.5429, 0.030, LL
(28, 25), 52, 109, 5997.3333, 0.295, NS
(47, 38), 148, 264, 36177.1200, 0.000, NS
(5, 41), 21, 11, 1824.2000, 0.876, NS
(29, 26), 25, 28, 1352.6786, 1.000, NS
(48, 39), 234, 384, 28011.7500, 0.201, NS
(21, 22), 194, 217, 26675.0000, 0.051, NS
(40, 35), 3, 91, 363.3000, 0.276, NS
(6, 42), 13, 51, 1587.0833, 0.209, NS
(25, 28), 31, 94, 3493.7000, 0.343, NS
(32, 36), 59, 80, 10803.7429, 0.000, NS
(51, 49), 5, 16, 182.5000, 1.000, NS
(24, 32), 67, 137, 7464.1190, 0.352, NS
(43, 45), 521, 313, 60071.3000, 0.348, NS
(35, 41), 16, 45, 1291.5200, 0.897, NS
(1, 48), 16, 106, 2419.3333, 0.021, LL
(17, 29), 48, 86, 4853.8776, 0.610, NS
(36, 42), 36, 146, 8368.8000, 0.000, NS
(9, 25), 81, 196, 9787.1143, 0.226, NS
(28, 38), 524, 328, 131995.6000, 0.000, NS
(47, 51), 22, 80, 1413.5000, 0.979, NS
(21, 35), 6, 37, 288.2000, 0.999, NS
(20, 39), 26, 74, 944.1250, 1.000, NS
(31, 48), 105, 194, 16391.6667, 0.006, HH
(13, 36), 41, 26, 8201.6400, 0.000, NS
(32, 49), 38, 36, 2426.4583, 1.000, NS
(24, 45), 9, 21, 177.0000, 1.000, NS
(16, 41), 42, 82, 7114.8000, 0.002, LL
(17, 42), 176, 240, 38083.0476, 0.000, NS
(9, 38), 216, 283, 44557.7143, 0.000, NS
(50, 39), 14, 59, 431.0833, 1.000, NS
(10, 2), 3, 4, 151.5556, 0.998, NS
(12, 48), 13, 31, 564.5714, 1.000, NS
(4, 44), 25, 25, 1088.8889, 0.999, NS
(47, 5), 17, 18, 1535.2889, 0.855, NS
(13, 49), 15, 36, 1390.4545, 0.762, NS
(5, 8), 30, 10, 3610.8333, 0.218, NS
(46, 46), 838, 285, 184829.2800, 0.000, NS
(49, 51), 4, 17, 120.6154, 1.000, NS
(48, 6), 23, 58, 3090.9444, 0.073, NS
(6, 9), 6, 43, 589.0000, 0.671, NS
(42, 48), 357, 523, 70943.8333, 0.000, NS
(32, 3), 56, 91, 3899.2593, 0.975, NS
(51, 16), 9, 32, 630.0000, 0.956, NS
(2, 11), 2, 3, 83.3750, 0.999, NS
(43, 12), 20, 26, 416.6667, 1.000, NS
(35, 8), 12, 48, 1074.0000, 0.724, NS
(1, 15), 35, 172, 7364.5833, 0.000, NS
(36, 9), 14, 69, 2034.4000, 0.019, LL
(28, 5), 157, 56, 19732.5741, 0.101, NS
(47, 18), 21, 89, 3339.0000, 0.007, LL
(5, 21), 109, 33, 19571.5556, 0.000, NS
(29, 6), 14, 17, 934.3333, 0.998, NS
(39, 19), 51, 91, 3295.8750, 0.999, NS
(31, 15), 245, 256, 63182.7778, 0.000, NS
(13, 3), 43, 98, 5322.4444, 0.247, NS
(32, 16), 132, 163, 32419.2000, 0.000, NS
(51, 29), 195, 198, 42440.3571, 0.000, NS
(24, 12), 11, 52, 876.7917, 0.900, NS
(43, 25), 13, 54, 534.0400, 1.000, NS
(16, 8), 18, 87, 2672.1000, 0.044, LL
(35, 21), 9, 30, 435.3000, 1.000, NS
(1, 28), 3, 81, 348.0000, 0.306, NS
(17, 9), 100, 175, 15820.4082, 0.000, NS
(9, 5), 33, 29, 2442.0000, 0.995, NS
(28, 18), 32, 44, 3472.0000, 0.432, NS
(27, 22), 27, 55, 2512.8000, 0.720, NS
(30, 27), 53, 88, 5820.7250, 0.392, NS
(20, 19), 88, 157, 10432.4000, 0.279, NS
(39, 32), 105, 190, 8135.6250, 0.989, NS
(12, 15), 25, 36, 1493.4783, 0.996, NS
(31, 28), 466, 352, 121833.1111, 0.000, NS
(23, 24), 5, 19, 195.0000, 1.000, NS
(13, 16), 133, 189, 42187.6000, 0.000, NS
(24, 25), 123, 307, 26551.6000, 0.000, NS
(16, 21), 28, 42, 2226.0000, 0.942, NS
(50, 19), 44, 71, 4273.8667, 0.590, NS
(42, 15), 374, 312, 100045.0000, 0.000, NS
(8, 22), 139, 198, 26890.7083, 0.000, NS
(27, 35), 75, 159, 13602.0000, 0.001, LL
(19, 31), 152, 210, 36677.6000, 0.000, NS
(11, 27), 28, 93, 1513.4000, 0.998, NS
(30, 40), 6, 25, 235.3125, 1.000, NS
(20, 32), 132, 183, 23868.4286, 0.001, HH
(12, 28), 20, 29, 832.5000, 1.000, NS
(23, 37), 28, 73, 3096.8000, 0.397, NS
(22, 41), 44, 54, 4694.8000, 0.473, NS
(46, 26), 360, 223, 43164.0000, 0.277, NS
(38, 22), 345, 226, 60513.0000, 0.001, HH
(49, 31), 22, 46, 1555.7143, 0.996, NS
(15, 38), 105, 165, 20580.0000, 0.000, NS
(7, 34), 16, 21, 934.0000, 1.000, NS
(26, 47), 22, 43, 899.8000, 1.000, NS
(18, 43), 11, 32, 495.3667, 1.000, NS
(50, 32), 58, 130, 8280.1905, 0.057, NS
(42, 28), 397, 452, 87560.5556, 0.000, NS
(8, 35), 14, 42, 1213.1000, 0.771, NS
(19, 44), 52, 74, 5480.8000, 0.478, NS
(11, 40), 40, 123, 2937.5000, 0.906, NS
(34, 29), 10, 28, 596.2857, 0.998, NS
(45, 38), 98, 89, 9525.6000, 0.656, NS
(37, 34), 12, 14, 566.4000, 1.000, NS
(3, 41), 24, 53, 1423.5789, 0.978, NS
(14, 50), 18, 22, 1149.0000, 0.963, NS
(46, 39), 34, 58, 668.1000, 1.000, NS
(38, 35), 48, 66, 3553.9200, 0.940, NS
(49, 44), 9, 19, 319.1707, 1.000, NS
(15, 51), 76, 85, 6377.6667, 0.864, NS
(7, 47), 381, 364, 84201.0000, 0.000, NS
(48, 48), 312, 283, 53412.6667, 0.001, HH
(41, 45), 26, 38, 1340.3000, 1.000, NS
(33, 41), 202, 115, 34151.4667, 0.002, HH
(25, 37), 31, 55, 2160.0800, 0.977, NS
(44, 50), 370, 226, 65777.7778, 0.001, HH
(34, 42), 9, 42, 769.5000, 0.882, NS
(45, 51), 137, 165, 16885.2500, 0.204, NS
(37, 47), 25, 74, 2391.0000, 0.667, NS
(27, 2), 4, 4, 241.0000, 0.984, NS
(30, 7), 312, 222, 60284.2500, 0.000, NS
(29, 48), 100, 119, 8911.9048, 0.843, NS
(21, 44), 719, 436, 193111.4167, 0.000, NS
(23, 4), 32, 34, 2056.0000, 0.932, NS
(25, 50), 11, 22, 463.4667, 1.000, NS
(15, 5), 24, 13, 1468.8889, 1.000, NS
(7, 1), 14, 27, 955.5000, 0.991, NS
(26, 14), 11, 15, 428.5417, 1.000, NS
(18, 10), 73, 181, 13685.7619, 0.000, NS
(17, 51), 13, 39, 579.8929, 1.000, NS
(8, 2), 4, 2, 174.5000, 0.996, NS
(19, 11), 32, 99, 1684.8000, 0.999, NS
(11, 7), 17, 76, 641.7500, 1.000, NS
(45, 5), 132, 36, 20874.3333, 0.005, HH
(37, 1), 11, 34, 820.6000, 0.915, NS
(3, 8), 12, 58, 879.2000, 0.892, NS
(22, 21), 249, 151, 33753.3333, 0.053, NS
(14, 17), 36, 46, 4590.8571, 0.088, NS
(46, 6), 3, 8, 60.3000, 1.000, NS
(38, 2), 7, 8, 266.3500, 1.000, NS
(49, 11), 32, 80, 2178.2857, 0.978, NS
(15, 18), 46, 89, 9467.0556, 0.000, NS
(7, 14), 170, 235, 40895.6250, 0.000, NS
(48, 15), 171, 306, 34219.0000, 0.000, NS
(18, 23), 14, 12, 636.4167, 1.000, NS
(41, 12), 23, 31, 1008.3684, 1.000, NS
(33, 8), 181, 153, 37829.0000, 0.000, NS
(25, 4), 2, 15, 23.8667, 1.000, NS
(44, 17), 31, 68, 1764.0476, 1.000, NS
(10, 24), 149, 485, 30956.5238, 0.000, NS
(34, 9), 7, 43, 550.4000, 0.959, NS
(45, 18), 7, 10, 144.6667, 1.000, NS
(37, 14), 83, 111, 12533.0000, 0.021, LL
(3, 21), 13, 52, 552.1905, 0.999, NS
(14, 30), 308, 106, 61035.3333, 0.000, NS
(29, 15), 369, 175, 68590.0714, 0.001, HH
(48, 28), 117, 193, 13838.5000, 0.247, NS
(21, 11), 29, 59, 943.7083, 1.000, NS
(40, 24), 6, 145, 820.0000, 0.078, NS
(6, 31), 10, 31, 998.6111, 0.646, NS
(41, 25), 39, 128, 4753.3200, 0.214, NS
(33, 21), 138, 74, 11887.1667, 0.897, NS
(25, 17), 74, 204, 17070.7429, 0.000, NS
(44, 30), 348, 203, 71412.5000, 0.000, NS
(10, 37), 118, 152, 10212.0571, 0.870, NS
(51, 38), 47, 71, 6906.6500, 0.052, NS
(17, 18), 46, 87, 10309.4762, 0.000, NS
(36, 31), 12, 85, 2630.4000, 0.000, NS
(28, 27), 65, 119, 9613.5000, 0.022, LL
(47, 40), 10, 39, 621.0000, 0.992, NS
(5, 43), 354, 55, 63263.7333, 0.000, NS
(29, 28), 485, 235, 117196.7857, 0.000, NS
(21, 24), 7, 44, 342.8056, 1.000, NS
(40, 37), 3, 30, 138.4500, 0.999, NS
(6, 44), 1, 13, 44.5000, 1.000, NS
(13, 25), 48, 136, 8976.0000, 0.002, LL
(32, 38), 298, 336, 68054.6857, 0.000, NS
(51, 51), 487, 153, 133955.4375, 0.000, NS
(24, 34), 13, 54, 2008.0667, 0.013, LL
(43, 47), 49, 130, 3455.4800, 0.973, NS
(35, 43), 11, 25, 463.3200, 1.000, NS
(1, 50), 1, 13, 45.6667, 0.993, NS
(17, 31), 74, 112, 12846.0476, 0.000, NS
(36, 44), 6, 38, 455.8000, 0.955, NS
(9, 27), 175, 247, 35940.0000, 0.000, NS
(28, 40), 19, 51, 1232.6250, 0.982, NS
(20, 41), 191, 185, 33873.8500, 0.003, HH
(31, 50), 45, 65, 4232.5000, 0.666, NS
(23, 46), 519, 413, 116100.3000, 0.000, NS
(22, 1), 9, 11, 327.0000, 1.000, NS
(13, 38), 157, 129, 31626.0800, 0.000, NS
(32, 51), 135, 139, 18239.4643, 0.077, NS
(24, 47), 29, 158, 3811.5667, 0.091, NS
(16, 43), 42, 59, 2661.1200, 0.991, NS
(9, 40), 18, 51, 1169.3571, 0.993, NS
(50, 41), 71, 103, 10787.2667, 0.049, LL
(42, 37), 108, 154, 12708.0000, 0.251, NS
(10, 4), 2, 24, 22.0952, 1.000, NS
(51, 5), 94, 32, 17397.8333, 0.000, NS
(12, 50), 8, 14, 216.8889, 0.999, NS
(4, 46), 92, 90, 7237.3333, 0.852, NS
(47, 7), 314, 385, 73719.3500, 0.000, NS
(5, 10), 10, 11, 347.3016, 1.000, NS
(46, 48), 19, 46, 589.0000, 1.000, NS
(38, 44), 250, 160, 40733.3333, 0.004, HH
(48, 8), 52, 68, 5759.0000, 0.364, NS
(6, 11), 26, 94, 2576.1667, 0.611, NS
(42, 50), 52, 71, 3192.2222, 0.981, NS
(32, 5), 34, 36, 3281.8095, 0.755, NS
(51, 18), 3, 13, 124.2500, 1.000, NS
(24, 1), 32, 105, 5485.3333, 0.004, LL
(43, 14), 54, 78, 5049.0000, 0.746, NS
(35, 10), 126, 362, 23796.0000, 0.000, NS
(1, 17), 34, 151, 6949.3571, 0.001, LL
(36, 11), 9, 52, 651.6000, 0.934, NS
(28, 7), 426, 430, 93799.8750, 0.000, NS
(47, 20), 18, 52, 1100.7000, 0.978, NS
(5, 23), 95, 24, 16783.3333, 0.001, HH
(21, 4), 20, 32, 876.6667, 1.000, NS
(20, 8), 22, 45, 1696.7500, 0.857, NS
(39, 21), 36, 90, 1287.0000, 1.000, NS
(31, 17), 99, 145, 17174.1429, 0.000, NS
(23, 13), 16, 45, 1659.2000, 0.528, NS
(13, 5), 19, 7, 1241.7556, 0.996, NS
(32, 18), 46, 69, 5678.8095, 0.148, NS
(24, 14), 33, 60, 3461.3333, 0.523, NS
(43, 27), 14, 62, 720.1600, 0.999, NS
(16, 10), 387, 493, 117050.9143, 0.000, NS
(35, 23), 10, 26, 422.5000, 0.999, NS
(1, 30), 2, 30, 138.1250, 0.991, NS
(17, 11), 50, 102, 3550.0000, 0.973, NS
(9, 7), 391, 387, 80217.8393, 0.000, NS
(50, 8), 7, 22, 454.4167, 0.918, NS
(27, 24), 51, 176, 8797.5000, 0.002, LL
(19, 20), 98, 106, 9775.5000, 0.574, NS
(30, 29), 315, 208, 62296.8750, 0.000, NS
(20, 21), 462, 208, 116096.7500, 0.000, NS
(39, 34), 51, 127, 6512.7000, 0.109, NS
(12, 17), 9, 28, 585.7200, 0.981, NS
(31, 30), 143, 185, 29538.4375, 0.000, NS
(4, 13), 6, 8, 109.6000, 1.000, NS
(23, 26), 70, 81, 8281.8750, 0.283, NS
(13, 18), 60, 62, 12972.0000, 0.000, NS
(46, 15), 23, 48, 1213.6333, 1.000, NS
(16, 23), 13, 40, 939.9000, 0.937, NS
(49, 20), 9, 22, 321.8400, 1.000, NS
(15, 27), 61, 182, 12897.4333, 0.000, NS
(26, 36), 1, 3, 14.9500, 1.000, NS
(18, 32), 39, 72, 4652.1429, 0.200, NS
(50, 21), 274, 234, 63050.4444, 0.000, NS
(42, 17), 224, 330, 51237.3333, 0.000, NS
(8, 24), 7, 62, 585.6667, 0.840, NS
(27, 37), 18, 32, 1240.5600, 0.972, NS
(19, 33), 166, 270, 34627.6000, 0.000, NS
(11, 29), 57, 79, 2245.3929, 1.000, NS
(30, 42), 149, 195, 22781.4792, 0.002, HH
(12, 30), 11, 16, 330.0000, 1.000, NS
(4, 26), 60, 49, 2895.0000, 0.988, NS
(45, 27), 18, 38, 690.3000, 1.000, NS
(22, 43), 420, 284, 55986.0000, 0.087, NS
(14, 39), 59, 71, 4275.0417, 0.995, NS
(46, 28), 179, 257, 24702.0000, 0.067, NS
(38, 24), 46, 79, 3473.0000, 0.960, NS
(49, 33), 42, 61, 2932.8293, 0.996, NS
(15, 40), 69, 102, 10511.0000, 0.024, LL
(7, 36), 16, 38, 1494.8000, 0.802, NS
(18, 45), 7, 14, 158.9583, 1.000, NS
(42, 30), 147, 193, 23011.6250, 0.001, HH
(8, 37), 25, 65, 2631.2500, 0.487, NS
(41, 34), 8, 26, 461.4400, 1.000, NS
(11, 42), 52, 155, 2584.8333, 0.999, NS
(44, 39), 50, 102, 1793.7500, 1.000, NS
(10, 46), 29, 63, 870.0000, 1.000, NS
(34, 31), 5, 28, 397.5000, 0.944, NS
(45, 40), 7, 16, 78.7500, 1.000, NS
(37, 36), 29, 31, 3164.4800, 0.402, NS
(3, 43), 16, 28, 551.1111, 1.000, NS
(38, 37), 220, 160, 34566.4000, 0.013, HH
(7, 49), 26, 46, 1474.1071, 1.000, NS
(48, 50), 20, 34, 662.2222, 1.000, NS
(40, 46), 5, 17, 72.2500, 1.000, NS
(39, 1), 30, 102, 3091.8750, 0.565, NS
(41, 47), 30, 78, 3864.0000, 0.154, NS
(33, 43), 147, 85, 10760.4000, 0.966, NS
(25, 39), 78, 280, 10933.6500, 0.032, LL
(34, 44), 5, 15, 191.8333, 1.000, NS
(26, 3), 4, 13, 39.7143, 1.000, NS
(37, 49), 14, 22, 657.1515, 1.000, NS
(27, 4), 4, 5, 60.0000, 1.000, NS
(30, 9), 117, 149, 18479.7321, 0.001, HH
(29, 50), 157, 144, 25120.0000, 0.015, HH
(21, 46), 127, 160, 18148.3000, 0.041, HH
(22, 10), 37, 87, 1754.8571, 1.000, NS
(15, 7), 89, 155, 14638.6458, 0.000, NS
(7, 3), 63, 93, 4567.5000, 0.971, NS
(26, 16), 6, 19, 120.3000, 1.000, NS
(18, 12), 4, 14, 254.8333, 0.983, NS
(9, 49), 24, 58, 1754.0000, 0.996, NS
(8, 4), 15, 18, 590.0000, 0.999, NS
(41, 1), 24, 58, 2838.0000, 0.288, NS
(11, 9), 40, 95, 1821.4286, 1.000, NS
(45, 7), 107, 127, 9977.7500, 0.779, NS
(37, 3), 25, 44, 1229.1667, 0.998, NS
(3, 10), 50, 161, 5482.0000, 0.454, NS
(22, 23), 589, 230, 120303.2500, 0.000, NS
(14, 19), 93, 99, 13847.7000, 0.020, LL
(38, 4), 24, 22, 974.4000, 0.999, NS
(7, 16), 62, 94, 10047.1000, 0.000, NS
(48, 17), 166, 265, 33741.4762, 0.000, NS
(41, 14), 97, 121, 19691.0000, 0.000, NS
(33, 10), 242, 264, 42857.0476, 0.000, NS
(25, 6), 37, 124, 7110.1667, 0.000, NS
(44, 19), 67, 74, 6108.1667, 0.771, NS
(10, 26), 7, 39, 112.5000, 1.000, NS
(34, 11), 14, 61, 1194.2000, 0.789, NS
(37, 16), 34, 62, 3953.5200, 0.301, NS
(3, 23), 10, 35, 387.6923, 0.996, NS
(14, 32), 311, 190, 63658.7381, 0.000, NS
(47, 29), 46, 161, 7337.6571, 0.005, LL
(29, 17), 82, 80, 8380.7347, 0.600, NS
(48, 30), 52, 83, 4235.8333, 0.955, NS
(21, 13), 22, 53, 1947.7333, 0.823, NS
(40, 26), 1, 12, 9.5000, 1.000, NS
(6, 33), 6, 30, 614.0000, 0.598, NS
(33, 23), 102, 40, 10293.5000, 0.563, NS
(25, 19), 52, 131, 6945.1200, 0.114, NS
(10, 39), 125, 435, 15428.5714, 0.130, NS
(51, 40), 5, 29, 148.7500, 1.000, NS
(43, 36), 10, 16, 554.4000, 0.998, NS
(17, 20), 18, 46, 897.4286, 0.999, NS
(36, 33), 12, 76, 2413.2000, 0.000, NS
(28, 29), 405, 251, 88290.0000, 0.000, NS
(47, 42), 159, 480, 36994.0000, 0.000, NS
(5, 45), 204, 27, 30696.3333, 0.010, HH
(29, 30), 288, 187, 62820.0000, 0.000, NS
(21, 26), 41, 45, 3189.4583, 0.921, NS
(6, 46), 1, 10, 22.5667, 1.000, NS
(39, 43), 43, 91, 1311.5000, 1.000, NS
(13, 27), 160, 184, 43244.8000, 0.000, NS
(32, 40), 31, 66, 2687.0357, 0.833, NS
(24, 36), 14, 57, 2381.4000, 0.005, LL
(43, 49), 2, 15, 59.5758, 1.000, NS
(16, 32), 175, 168, 39085.0000, 0.000, NS
(35, 45), 8, 16, 163.6000, 1.000, NS
(17, 33), 93, 125, 16972.5000, 0.000, NS
(9, 29), 83, 212, 12580.4286, 0.002, LL
(28, 42), 455, 419, 101010.0000, 0.000, NS
(20, 43), 555, 300, 131035.5000, 0.000, NS
(12, 39), 57, 84, 3693.6000, 0.997, NS
(23, 48), 8, 48, 399.0000, 1.000, NS
(13, 40), 14, 49, 1434.3000, 0.538, NS
(24, 49), 29, 106, 3666.4286, 0.112, NS
(16, 45), 19, 38, 652.6500, 1.000, NS
(50, 43), 621, 368, 131196.6000, 0.001, HH
(42, 39), 196, 364, 20967.9167, 0.496, NS
(8, 46), 85, 111, 13238.7500, 0.032, LL
(11, 51), 15, 46, 319.6875, 1.000, NS
(10, 6), 44, 147, 7323.9048, 0.002, LL
(51, 7), 41, 92, 4080.7812, 0.602, NS
(2, 2), 2, 0, 57.0000, 1.000, NS
(43, 3), 25, 42, 875.0000, 1.000, NS
(4, 48), 4, 6, 34.4444, 1.000, NS
(47, 9), 242, 388, 59075.6571, 0.000, NS
(5, 12), 4, 4, 47.2727, 1.000, NS
(46, 50), 100, 120, 10086.6667, 0.533, NS
(38, 46), 212, 131, 27390.4000, 0.127, NS
(40, 6), 12, 84, 1544.0000, 0.144, NS
(6, 13), 7, 34, 931.0000, 0.079, NS
(39, 10), 147, 472, 18065.2500, 0.139, NS
(32, 7), 206, 285, 38345.4286, 0.000, NS
(51, 20), 356, 241, 75449.7500, 0.001, HH
(24, 3), 22, 107, 3276.1667, 0.030, LL
(43, 16), 37, 60, 2439.0400, 0.984, NS
(35, 12), 9, 22, 663.7500, 0.934, NS
(1, 19), 17, 66, 2331.5500, 0.102, NS
(36, 13), 10, 46, 2254.4000, 0.000, NS
(28, 9), 156, 259, 32002.2857, 0.000, NS
(5, 25), 6, 8, 179.0667, 1.000, NS
(20, 10), 60, 148, 4017.8571, 0.986, NS
(39, 23), 21, 58, 654.9375, 1.000, NS
(12, 6), 25, 33, 1892.7083, 0.937, NS
(31, 19), 241, 210, 46472.8333, 0.000, NS
(23, 15), 11, 50, 820.8750, 0.953, NS
(13, 7), 177, 163, 37068.2250, 0.000, NS
(32, 20), 158, 177, 22684.2857, 0.033, HH
(24, 16), 80, 199, 19989.3333, 0.000, NS
(16, 12), 16, 27, 1107.3684, 0.954, NS
(35, 25), 102, 283, 20763.1200, 0.000, NS
(1, 32), 10, 90, 1472.5000, 0.030, LL
(9, 9), 545, 366, 116807.9592, 0.000, NS
(50, 10), 30, 87, 1648.5714, 0.994, NS
(42, 6), 14, 64, 1775.6667, 0.126, NS
(8, 13), 38, 91, 8204.2000, 0.000, NS
(27, 26), 5, 11, 115.5000, 1.000, NS
(19, 22), 33, 51, 2319.9000, 0.980, NS
(11, 18), 26, 49, 1987.9167, 0.924, NS
(30, 31), 160, 197, 33153.3333, 0.000, NS
(20, 23), 66, 80, 6443.2500, 0.581, NS
(12, 19), 18, 20, 686.8421, 1.000, NS
(31, 32), 438, 246, 105985.5714, 0.000, NS
(4, 15), 3, 10, 48.8333, 1.000, NS
(23, 28), 120, 297, 23215.0000, 0.000, NS
(46, 17), 9, 32, 258.4286, 1.000, NS
(38, 13), 135, 75, 26406.0000, 0.000, NS
(49, 22), 9, 15, 253.8462, 1.000, NS
(15, 29), 245, 240, 48060.8333, 0.000, NS
(7, 25), 40, 98, 3395.0000, 0.919, NS
(26, 38), 30, 41, 1702.5000, 0.996, NS
(18, 34), 6, 17, 855.8000, 0.044, LL
(50, 23), 32, 82, 2973.3333, 0.646, NS
(42, 19), 246, 290, 44714.6000, 0.001, HH
(8, 26), 26, 46, 1753.3750, 0.939, NS
(27, 39), 133, 351, 16834.4750, 0.127, NS
(19, 35), 22, 76, 2391.8400, 0.443, NS
(11, 31), 28, 111, 1438.5000, 0.998, NS
(30, 44), 422, 202, 80769.0417, 0.000, NS
(34, 20), 5, 25, 171.0000, 1.000, NS
(4, 28), 9, 26, 321.0000, 1.000, NS
(45, 29), 110, 136, 10021.7857, 0.749, NS
(37, 25), 25, 80, 1897.0000, 0.941, NS
(3, 32), 49, 93, 3547.2500, 0.958, NS
(22, 45), 581, 251, 84559.7083, 0.038, HH
(14, 41), 110, 110, 18296.6667, 0.003, HH
(46, 30), 225, 204, 37946.2500, 0.001, HH
(38, 26), 44, 38, 2373.8000, 0.995, NS
(49, 35), 33, 88, 4407.0000, 0.066, NS
(15, 42), 383, 410, 108186.8611, 0.000, NS
(7, 38), 493, 379, 118443.2500, 0.000, NS
(26, 51), 37, 69, 2985.4375, 0.829, NS
(18, 47), 42, 100, 6567.4000, 0.007, LL
(41, 36), 44, 51, 6647.5200, 0.017, LL
(33, 32), 578, 243, 123237.8571, 0.000, NS
(44, 41), 119, 97, 16790.9000, 0.045, HH
(10, 48), 236, 489, 43401.5238, 0.000, NS
(34, 33), 11, 36, 857.6333, 0.960, NS
(45, 42), 29, 78, 1133.4167, 1.000, NS
(37, 38), 108, 202, 19284.4800, 0.003, HH
(3, 45), 9, 21, 165.4615, 1.000, NS
(29, 39), 121, 112, 6646.3571, 1.000, NS
(40, 48), 6, 67, 550.2500, 0.753, NS
(41, 49), 6, 35, 325.0588, 0.999, NS
(33, 45), 53, 45, 2214.9583, 1.000, NS
(25, 41), 24, 74, 2572.8000, 0.469, NS
(26, 5), 47, 22, 4950.6667, 0.525, NS
(18, 1), 18, 20, 2565.7500, 0.071, NS
(28, 51), 174, 191, 27187.5000, 0.013, HH
(27, 6), 7, 33, 932.1667, 0.097, NS
(19, 2), 1, 0, 40.1053, 1.000, NS
(30, 11), 28, 38, 859.2500, 1.000, NS
(21, 48), 13, 42, 612.0833, 0.999, NS
(22, 12), 7, 7, 115.2083, 1.000, NS
(14, 8), 133, 125, 30157.7500, 0.000, NS
(49, 2), 7, 2, 402.1111, 0.998, NS
(15, 9), 170, 309, 36396.1905, 0.000, NS
(7, 5), 122, 61, 13772.4444, 0.291, NS
(26, 18), 1, 6, 12.5833, 1.000, NS
(18, 14), 22, 26, 2577.6667, 0.252, NS
(9, 51), 47, 61, 2848.5357, 0.994, NS
(41, 3), 18, 50, 1014.6316, 0.992, NS
(44, 8), 45, 73, 5169.3750, 0.333, NS
(10, 15), 482, 579, 119076.9524, 0.000, NS
(45, 9), 41, 70, 2209.6071, 1.000, NS
(37, 5), 45, 27, 5887.0000, 0.057, NS
(3, 12), 65, 58, 4680.0000, 0.921, NS
(22, 25), 22, 44, 917.4000, 1.000, NS
(14, 21), 53, 65, 5189.5833, 0.693, NS
(48, 19), 56, 123, 6367.2000, 0.353, NS
(40, 15), 11, 132, 1530.8333, 0.081, NS
(6, 22), 4, 9, 141.5556, 1.000, NS
(41, 16), 31, 99, 5973.0800, 0.000, NS
(33, 12), 33, 21, 1426.5000, 1.000, NS
(25, 8), 21, 59, 1598.1000, 0.915, NS
(44, 21), 781, 329, 197028.9444, 0.000, NS
(10, 28), 123, 283, 17114.5714, 0.031, HH
(3, 25), 27, 97, 3136.0500, 0.309, NS
(36, 22), 3, 20, 149.8000, 1.000, NS
(47, 31), 108, 286, 27514.8000, 0.000, NS
(5, 34), 6, 2, 127.5349, 1.000, NS
(29, 19), 301, 155, 44401.8000, 0.014, HH
(48, 32), 163, 209, 21127.9048, 0.089, NS
(21, 15), 74, 131, 8267.4444, 0.346, NS
(40, 28), 5, 92, 332.5000, 0.975, NS
(6, 35), 11, 45, 1898.9667, 0.004, LL
(25, 21), 29, 52, 1424.8667, 0.999, NS
(32, 29), 419, 327, 87930.1429, 0.000, NS
(51, 42), 33, 101, 2587.7500, 0.903, NS
(43, 38), 150, 194, 22800.0000, 0.026, HH
(35, 34), 11, 56, 1699.7200, 0.025, LL
(1, 41), 9, 48, 1032.3000, 0.341, NS
(17, 22), 26, 39, 1346.4286, 1.000, NS
(36, 35), 5, 52, 861.8000, 0.004, LL
(9, 18), 36, 84, 5381.1429, 0.006, LL
(28, 31), 501, 377, 133572.1667, 0.000, NS
(47, 44), 54, 127, 6010.2000, 0.387, NS
(5, 47), 25, 15, 2159.4444, 0.927, NS
(21, 28), 314, 393, 63558.8333, 0.000, NS
(39, 45), 32, 55, 470.0000, 1.000, NS
(31, 41), 147, 167, 30350.6000, 0.000, NS
(13, 29), 55, 133, 9158.2857, 0.001, LL
(32, 42), 540, 517, 129831.4286, 0.000, NS
(24, 38), 38, 98, 3066.6000, 0.916, NS
(43, 51), 714, 261, 184533.3000, 0.000, NS
(16, 34), 15, 38, 2077.8000, 0.088, NS
(35, 47), 47, 135, 6649.5600, 0.057, NS
(17, 35), 80, 158, 17318.8571, 0.000, NS
(9, 31), 194, 314, 43982.5714, 0.000, NS
(28, 44), 721, 340, 129679.8611, 0.000, NS
(27, 48), 153, 243, 28957.8000, 0.001, HH
(20, 45), 83, 129, 6313.1875, 0.893, NS
(12, 41), 17, 16, 646.0000, 1.000, NS
(4, 37), 3, 8, 81.6000, 1.000, NS
(23, 50), 24, 63, 2318.0000, 0.596, NS
(13, 42), 321, 301, 82497.0000, 0.000, NS
(24, 51), 21, 29, 826.8750, 1.000, NS
(16, 47), 74, 208, 16564.1600, 0.000, NS
(50, 45), 80, 115, 6666.6667, 0.747, NS
(42, 41), 115, 195, 20155.6667, 0.000, NS
(8, 48), 33, 98, 3586.0000, 0.420, NS
(51, 9), 24, 55, 1601.1429, 0.983, NS
(43, 5), 332, 64, 61139.6444, 0.000, NS
(35, 1), 17, 68, 2635.0000, 0.041, LL
(1, 8), 4, 14, 238.0000, 0.986, NS
(4, 50), 9, 12, 297.0000, 0.996, NS
(36, 2), 1, 3, 50.2632, 0.997, NS
(47, 11), 33, 88, 1536.1500, 1.000, NS
(5, 14), 43, 23, 4151.0926, 0.770, NS
(38, 48), 123, 119, 10307.4000, 0.883, NS
(39, 12), 60, 110, 4095.4839, 0.991, NS
(31, 8), 80, 236, 16463.3333, 0.000, NS
(32, 9), 196, 263, 38220.0000, 0.000, NS
(51, 22), 118, 158, 15187.5833, 0.148, NS
(24, 5), 15, 13, 493.3333, 1.000, NS
(43, 18), 2, 21, 82.0000, 1.000, NS
(16, 1), 95, 133, 22947.2500, 0.000, NS
(35, 14), 23, 50, 2461.7667, 0.473, NS
(1, 21), 4, 42, 204.0000, 0.999, NS
(28, 11), 46, 97, 2131.3333, 0.999, NS
(27, 15), 46, 147, 9169.3333, 0.000, NS
(30, 20), 121, 98, 17533.6562, 0.026, HH
(20, 12), 19, 46, 741.0000, 0.998, NS
(39, 25), 108, 352, 15411.6000, 0.017, HH
(12, 8), 4, 13, 133.0667, 1.000, NS
(31, 21), 101, 122, 13856.6389, 0.048, HH
(4, 4), 36, 15, 952.0000, 0.999, NS
(23, 17), 11, 32, 517.3929, 1.000, NS
(13, 9), 415, 284, 101852.8571, 0.000, NS
(24, 18), 45, 132, 9293.7500, 0.000, NS
(16, 14), 56, 64, 11715.2000, 0.000, NS
(26, 27), 5, 13, 116.7500, 1.000, NS
(50, 12), 16, 40, 693.3333, 0.993, NS
(42, 8), 86, 175, 15157.5000, 0.001, LL
(8, 15), 21, 71, 2845.5000, 0.080, NS
(27, 28), 56, 141, 8945.0667, 0.011, LL
(19, 24), 26, 101, 3063.6667, 0.266, NS
(11, 20), 30, 57, 791.2500, 1.000, NS
(30, 33), 238, 169, 40752.5417, 0.000, NS
(20, 25), 10, 70, 588.5000, 0.989, NS
(12, 21), 2, 29, 49.2381, 1.000, NS
(4, 17), 3, 1, 26.4286, 1.000, NS
(23, 30), 168, 184, 35694.7500, 0.000, NS
(22, 34), 4, 16, 112.6667, 1.000, NS
(46, 19), 20, 51, 840.8000, 1.000, NS
(38, 15), 143, 132, 24672.2667, 0.001, HH
(49, 24), 31, 70, 4091.2439, 0.066, NS
(15, 31), 223, 261, 64930.1667, 0.000, NS
(7, 27), 81, 133, 13182.7500, 0.003, LL
(26, 40), 1, 9, 8.1875, 1.000, NS
(18, 36), 5, 20, 769.5000, 0.014, LL
(50, 25), 3, 41, 150.2000, 0.992, NS
(42, 21), 85, 125, 7350.1389, 0.880, NS
(8, 28), 94, 322, 22234.9167, 0.000, NS
(19, 37), 163, 132, 22311.4400, 0.068, NS
(11, 33), 33, 61, 1553.7500, 1.000, NS
(34, 22), 1, 13, 28.8000, 1.000, NS
(45, 31), 20, 44, 1303.3333, 0.984, NS
(37, 27), 11, 50, 763.4000, 0.976, NS
(3, 34), 26, 53, 3549.0000, 0.102, NS
(22, 47), 98, 139, 14125.0667, 0.029, HH
(14, 43), 69, 71, 5934.0000, 0.869, NS
(46, 32), 62, 101, 5728.8000, 0.782, NS
(38, 28), 488, 251, 120487.2000, 0.000, NS
(49, 37), 7, 20, 316.9091, 1.000, NS
(15, 44), 115, 124, 12768.1944, 0.373, NS
(7, 40), 9, 47, 429.4688, 1.000, NS
(48, 41), 39, 64, 3572.4000, 0.771, NS
(18, 49), 17, 29, 2099.5000, 0.148, NS
(41, 38), 123, 209, 25972.6800, 0.000, NS
(33, 34), 19, 20, 1478.2000, 0.950, NS
(25, 30), 21, 56, 1489.4250, 0.989, NS
(44, 43), 2060, 647, 501678.6667, 0.000, NS
(10, 50), 32, 85, 1596.9524, 0.999, NS
(1, 1), 25, 45, 4337.5000, 0.007, LL
(34, 35), 11, 50, 1655.2800, 0.030, LL
(45, 44), 243, 236, 29028.3750, 0.261, NS
(37, 40), 14, 47, 678.3000, 1.000, NS
(3, 47), 76, 148, 8028.0000, 0.462, NS
(29, 41), 233, 136, 42845.3714, 0.000, NS
(21, 37), 399, 222, 87407.6000, 0.000, NS
(40, 50), 3, 17, 80.7500, 1.000, NS
(41, 51), 86, 85, 12482.9000, 0.049, LL
(33, 47), 423, 263, 107921.4000, 0.000, NS
(25, 43), 12, 48, 458.8800, 1.000, NS
(26, 7), 49, 73, 2728.6875, 0.998, NS
(18, 3), 35, 90, 5487.7083, 0.012, LL
(17, 44), 34, 44, 2007.6190, 1.000, NS
(27, 8), 31, 77, 5062.3000, 0.014, LL
(19, 4), 4, 8, 60.0000, 1.000, NS
(30, 13), 84, 73, 13173.3000, 0.001, LL
(21, 50), 337, 184, 72230.3333, 0.001, HH
(3, 1), 16, 27, 1418.2857, 0.733, NS
(22, 14), 89, 76, 14118.8611, 0.002, LL
(14, 10), 60, 139, 7662.8571, 0.096, NS
(13, 51), 22, 35, 1392.6000, 0.975, NS
(49, 4), 1, 0, 5.3529, 1.000, NS
(15, 11), 47, 127, 3523.0417, 0.951, NS
(7, 7), 849, 388, 187071.8438, 0.000, NS
(26, 20), 30, 54, 1445.6250, 0.997, NS
(18, 16), 76, 99, 20223.6000, 0.000, NS
(41, 5), 18, 23, 1664.4000, 0.813, NS
(33, 1), 40, 63, 5496.6667, 0.089, NS
(44, 10), 66, 106, 4051.1429, 1.000, NS
(10, 17), 265, 572, 63848.7755, 0.000, NS
(45, 11), 14, 17, 104.5333, 1.000, NS
(37, 7), 89, 140, 11178.4000, 0.131, NS
(3, 14), 24, 38, 1753.0000, 0.960, NS
(22, 27), 37, 63, 3252.3000, 0.827, NS
(14, 23), 67, 53, 9234.8333, 0.071, NS
(29, 8), 105, 139, 15686.2500, 0.020, HH
(48, 21), 38, 61, 1782.8333, 1.000, NS
(40, 17), 15, 91, 2169.1071, 0.045, LL
(6, 24), 15, 83, 2707.5000, 0.000, NS
(41, 18), 14, 32, 1268.4000, 0.753, NS
(33, 14), 181, 91, 42238.3611, 0.000, NS
(25, 10), 266, 581, 62821.6000, 0.000, NS
(44, 23), 179, 137, 26357.7500, 0.046, HH
(10, 30), 41, 87, 3561.1429, 0.930, NS
(51, 31), 21, 51, 2810.5000, 0.118, NS
(36, 24), 8, 58, 1521.8667, 0.000, NS
(28, 20), 243, 206, 37330.8750, 0.024, HH
(47, 33), 188, 316, 48478.9333, 0.000, NS
(5, 36), 5, 1, 184.4444, 1.000, NS
(29, 21), 442, 287, 98208.1905, 0.000, NS
(48, 34), 17, 56, 1667.7000, 0.652, NS
(21, 17), 22, 58, 1236.7143, 1.000, NS
(40, 30), 1, 32, 44.1875, 1.000, NS
(6, 37), 9, 17, 466.8000, 1.000, NS
(32, 31), 344, 287, 94280.5714, 0.000, NS
(51, 44), 381, 289, 98440.8750, 0.000, NS
(24, 27), 50, 196, 8608.3333, 0.002, LL
(43, 40), 8, 21, 202.0000, 1.000, NS
(35, 36), 8, 31, 1265.9200, 0.021, LL
(1, 43), 1, 23, 37.1500, 1.000, NS
(17, 24), 79, 173, 17861.5238, 0.000, NS
(36, 37), 5, 28, 555.6000, 0.372, NS
(9, 20), 39, 74, 2346.9643, 0.995, NS
(28, 33), 476, 374, 112190.5556, 0.000, NS
(47, 46), 57, 102, 5549.5200, 0.638, NS
(5, 49), 4, 3, 84.6207, 1.000, NS
(21, 30), 131, 174, 28454.2917, 0.000, NS
(20, 34), 17, 37, 719.9500, 0.999, NS
(39, 47), 128, 344, 12800.0000, 0.617, NS
(31, 43), 119, 122, 13752.4333, 0.297, NS
(23, 39), 23, 54, 723.7812, 1.000, NS
(13, 31), 193, 212, 48938.3667, 0.000, NS
(32, 44), 281, 175, 43555.0000, 0.004, HH
(24, 40), 52, 123, 7236.6667, 0.067, NS
(16, 36), 42, 87, 11501.2800, 0.000, NS
(35, 49), 26, 60, 3354.0000, 0.105, NS
(17, 37), 40, 58, 2820.5714, 0.980, NS
(9, 33), 240, 248, 53748.5714, 0.000, NS
(50, 34), 8, 16, 304.5333, 1.000, NS
(27, 50), 5, 16, 199.6667, 1.000, NS
(19, 46), 19, 45, 785.8400, 1.000, NS
(20, 47), 17, 64, 1126.2500, 0.959, NS
(12, 43), 12, 16, 214.6667, 1.000, NS
(4, 39), 5, 8, 29.3182, 1.000, NS
(13, 44), 53, 82, 5347.7000, 0.600, NS
(5, 3), 11, 4, 293.0000, 1.000, NS
(46, 41), 22, 49, 1664.0800, 0.938, NS
(16, 49), 16, 36, 1873.8824, 0.264, NS
(49, 46), 9, 14, 161.7188, 1.000, NS
(48, 1), 40, 88, 5640.0000, 0.059, NS
(50, 47), 14, 42, 739.2000, 0.986, NS
(42, 43), 126, 116, 9000.6000, 0.975, NS
(8, 50), 5, 22, 324.5833, 0.944, NS
(51, 11), 21, 41, 597.1875, 1.000, NS
(43, 7), 97, 131, 10444.4750, 0.454, NS
(35, 3), 36, 128, 5745.6000, 0.018, LL
(1, 10), 84, 287, 18462.0000, 0.000, NS
(47, 13), 168, 306, 45628.8000, 0.000, NS
(5, 16), 22, 10, 1185.0667, 1.000, NS
(38, 50), 77, 66, 7304.7333, 0.636, NS
(20, 1), 9, 43, 525.3750, 0.980, NS
(39, 14), 35, 65, 2694.2708, 0.988, NS
(31, 10), 171, 374, 30763.7143, 0.000, NS
(23, 6), 3, 10, 94.7500, 1.000, NS
(32, 11), 67, 126, 3551.0000, 1.000, NS
(24, 7), 32, 109, 2851.3333, 0.860, NS
(43, 20), 449, 282, 88430.5500, 0.000, NS
(16, 3), 38, 91, 5418.0000, 0.069, NS
(35, 16), 72, 190, 18239.0400, 0.000, NS
(17, 4), 1, 11, 11.3810, 1.000, NS
(50, 1), 8, 17, 413.3333, 0.976, NS
(27, 17), 62, 175, 12203.3714, 0.000, NS
(19, 13), 48, 134, 10106.8800, 0.000, NS
(30, 22), 406, 210, 71210.7083, 0.001, HH
(20, 14), 39, 54, 4062.5000, 0.502, NS
(39, 27), 169, 348, 21509.4750, 0.107, NS
(12, 10), 35, 61, 2325.4000, 0.980, NS
(31, 23), 44, 74, 5401.0000, 0.195, NS
(23, 19), 13, 38, 715.6500, 0.997, NS
(13, 11), 29, 59, 1541.3500, 0.995, NS
(46, 8), 93, 113, 13857.0000, 0.043, LL
(16, 16), 190, 162, 74229.2000, 0.000, NS
(49, 13), 14, 28, 1235.7059, 0.836, NS
(15, 20), 92, 105, 9675.3333, 0.494, NS
(26, 29), 17, 52, 930.1429, 0.999, NS
(18, 25), 38, 107, 7425.2000, 0.001, LL
(50, 14), 15, 37, 1075.8333, 0.929, NS
(42, 10), 417, 687, 91491.7857, 0.000, NS
(8, 17), 10, 69, 992.5000, 0.623, NS
(27, 30), 37, 96, 4670.3250, 0.118, NS
(19, 26), 6, 22, 125.4000, 1.000, NS
(11, 22), 8, 23, 143.3333, 1.000, NS
(30, 35), 42, 66, 2639.7000, 1.000, NS
(12, 23), 4, 8, 63.6923, 1.000, NS
(45, 20), 85, 133, 6406.8750, 0.871, NS
(22, 36), 7, 10, 359.5667, 1.000, NS
(46, 21), 154, 169, 22340.2667, 0.028, HH
(38, 17), 53, 68, 4819.9714, 0.787, NS
(49, 26), 5, 8, 45.0000, 1.000, NS
(15, 33), 256, 309, 68273.7778, 0.000, NS
(7, 29), 235, 269, 41460.7143, 0.000, NS
(26, 42), 7, 40, 172.0833, 1.000, NS
(18, 38), 24, 49, 2255.2000, 0.738, NS
(42, 23), 62, 118, 5324.2500, 0.813, NS
(8, 30), 106, 187, 23310.0625, 0.000, NS
(41, 27), 8, 48, 843.2000, 0.495, NS
(11, 35), 36, 113, 2986.2000, 0.847, NS
(44, 32), 263, 161, 40727.4286, 0.002, HH
(34, 24), 14, 56, 2205.4667, 0.018, LL
(45, 33), 28, 46, 1261.1667, 1.000, NS
(37, 29), 381, 222, 81544.8857, 0.000, NS
(3, 36), 6, 20, 503.3333, 0.812, NS
(22, 49), 2, 8, 55.2381, 1.000, NS
(14, 45), 37, 39, 2150.6250, 0.997, NS
(38, 30), 371, 208, 80200.9250, 0.000, NS
(7, 42), 174, 307, 32516.2500, 0.000, NS
(48, 43), 33, 58, 1358.5000, 1.000, NS
(40, 39), 16, 158, 1484.5000, 0.770, NS
(41, 40), 19, 45, 1389.8500, 0.934, NS
(33, 36), 45, 61, 7980.0000, 0.002, LL
(25, 32), 71, 134, 9948.1143, 0.048, LL
(44, 45), 297, 217, 31989.3750, 0.463, NS
(2, 48), 4, 3, 189.1429, 1.000, NS
(34, 37), 6, 27, 280.5600, 0.999, NS
(37, 42), 104, 216, 14417.8667, 0.058, NS
(3, 49), 40, 57, 4601.4286, 0.322, NS
(36, 46), 3, 10, 91.2000, 1.000, NS
(29, 43), 449, 280, 91070.0286, 0.000, NS
(21, 39), 36, 81, 1311.0000, 1.000, NS
(22, 3), 30, 41, 1026.2500, 1.000, NS
(33, 49), 47, 29, 3413.3750, 0.993, NS
(25, 45), 13, 27, 265.2000, 1.000, NS
(26, 9), 17, 41, 554.3214, 1.000, NS
(18, 5), 4, 3, 152.2222, 1.000, NS
(17, 46), 24, 36, 787.2000, 1.000, NS
(9, 42), 367, 542, 77742.8333, 0.000, NS
(19, 6), 17, 29, 1557.2000, 0.785, NS
(3, 3), 64, 83, 8604.0000, 0.156, NS
(22, 16), 34, 58, 2700.7333, 0.928, NS
(14, 12), 17, 21, 641.0417, 1.000, NS
(15, 13), 225, 232, 66172.5000, 0.000, NS
(7, 9), 587, 367, 119716.5536, 0.000, NS
(48, 10), 325, 529, 58848.2143, 0.000, NS
(18, 18), 36, 45, 7966.0000, 0.000, NS
(41, 7), 83, 135, 12543.3750, 0.010, LL
(33, 3), 89, 75, 8285.0909, 0.710, NS
(44, 12), 18, 20, 410.8696, 1.000, NS
(10, 19), 262, 290, 40056.0571, 0.013, HH
(45, 13), 21, 30, 905.1000, 1.000, NS
(37, 9), 40, 94, 4229.7143, 0.484, NS
(3, 16), 33, 80, 4738.1053, 0.064, NS
(14, 25), 39, 63, 4357.6000, 0.354, NS
(47, 22), 103, 167, 15556.4333, 0.018, HH
(29, 10), 161, 213, 18498.5714, 0.262, NS
(48, 23), 21, 35, 990.5000, 1.000, NS
(21, 6), 6, 22, 253.1667, 1.000, NS
(40, 19), 9, 68, 714.1500, 0.884, NS
(6, 26), 1, 10, 11.6087, 1.000, NS
(41, 20), 157, 126, 23761.9500, 0.031, HH
(33, 16), 160, 150, 42250.6667, 0.000, NS
(25, 12), 22, 69, 1926.7368, 0.767, NS
(44, 25), 25, 53, 1296.6667, 1.000, NS
(10, 32), 320, 431, 53231.0204, 0.000, NS
(51, 33), 34, 49, 2586.8333, 0.918, NS
(2, 28), 1, 2, 41.7500, 1.000, NS
(43, 29), 558, 235, 115362.5143, 0.000, NS
(17, 13), 128, 135, 29776.4571, 0.000, NS
(28, 22), 335, 294, 55693.7500, 0.004, HH
(47, 35), 26, 141, 3580.7200, 0.078, NS
(5, 38), 121, 71, 16746.4000, 0.030, HH
(29, 23), 91, 107, 12662.0000, 0.051, NS
(21, 19), 91, 120, 9627.8000, 0.480, NS
(40, 32), 10, 87, 840.0000, 0.876, NS
(6, 39), 25, 107, 3393.7500, 0.025, LL
(39, 36), 23, 42, 2287.3500, 0.648, NS
(13, 20), 27, 43, 1875.1500, 0.960, NS
(32, 33), 383, 371, 92804.5476, 0.000, NS
(51, 46), 131, 159, 18772.3000, 0.056, NS
(24, 29), 33, 75, 2647.8571, 0.956, NS
(43, 42), 92, 123, 7019.6000, 0.937, NS
(16, 25), 87, 246, 24927.2400, 0.000, NS
(35, 38), 42, 85, 3544.8000, 0.851, NS
(1, 45), 1, 15, 16.9375, 1.000, NS
(17, 26), 6, 10, 94.9286, 1.000, NS
(36, 39), 8, 65, 835.0000, 0.525, NS
(9, 22), 90, 134, 10913.5714, 0.172, NS
(28, 35), 75, 97, 7192.5000, 0.693, NS
(5, 51), 106, 28, 18382.1667, 0.000, NS
(20, 36), 26, 34, 2236.0000, 0.793, NS
(39, 49), 103, 188, 11138.9818, 0.446, NS
(12, 32), 29, 36, 1225.2500, 1.000, NS
(31, 45), 43, 56, 2490.4167, 0.994, NS
(23, 41), 10, 44, 957.5000, 0.658, NS
(13, 33), 244, 144, 62163.0667, 0.000, NS
(32, 46), 71, 95, 5771.2857, 0.925, NS
(24, 42), 70, 210, 10933.6111, 0.008, LL
(16, 38), 84, 112, 13157.7600, 0.007, LL
(35, 51), 15, 25, 612.0000, 0.999, NS
(9, 35), 60, 161, 7755.4286, 0.111, NS
(50, 36), 8, 15, 577.6000, 0.894, NS
(42, 32), 633, 429, 137737.7857, 0.000, NS
(8, 39), 22, 120, 1476.0625, 0.991, NS
(19, 48), 49, 125, 6381.4333, 0.126, NS
(11, 44), 23, 48, 548.1667, 1.000, NS
(20, 49), 7, 45, 309.0769, 1.000, NS
(12, 45), 2, 16, 17.6923, 1.000, NS
(4, 41), 3, 7, 59.4000, 1.000, NS
(47, 2), 4, 6, 222.6000, 0.992, NS
(5, 5), 276, 18, 47328.8889, 0.000, NS
(46, 43), 492, 354, 72205.9200, 0.027, HH
(38, 39), 108, 121, 6196.5000, 1.000, NS
(49, 48), 23, 53, 1976.2308, 0.878, NS
(7, 51), 76, 91, 7058.5000, 0.767, NS
(6, 6), 19, 37, 3075.3611, 0.003, LL
(39, 3), 214, 369, 27750.9677, 0.098, NS
(50, 49), 10, 17, 441.1111, 0.997, NS
(42, 45), 44, 70, 1666.5000, 1.000, NS
(51, 13), 10, 37, 708.0000, 0.941, NS
(43, 9), 51, 74, 3645.7714, 0.986, NS
(35, 5), 11, 14, 381.3333, 1.000, NS
(1, 12), 5, 62, 396.7857, 0.836, NS
(34, 46), 5, 2, 88.4000, 1.000, NS
(37, 51), 214, 177, 44929.3000, 0.000, NS
(36, 6), 1, 24, 151.0667, 0.024, LL
(5, 18), 5, 2, 175.5556, 1.000, NS
(20, 3), 32, 59, 1421.7143, 0.997, NS
(39, 16), 120, 262, 19668.0000, 0.001, HH
(31, 12), 9, 30, 407.7391, 1.000, NS
(23, 8), 102, 109, 19380.0000, 0.004, HH
(32, 13), 164, 197, 39603.6571, 0.000, NS
(24, 9), 52, 217, 6578.0000, 0.116, NS
(16, 5), 14, 8, 756.9333, 1.000, NS
(35, 18), 40, 74, 8772.0000, 0.000, NS
(1, 25), 38, 197, 8474.0000, 0.000, NS
(9, 2), 7, 5, 350.5185, 1.000, NS
(50, 3), 10, 44, 461.1111, 0.975, NS
(8, 6), 2, 25, 133.7500, 0.984, NS
(27, 19), 24, 61, 2633.2800, 0.433, NS
(19, 15), 239, 175, 52938.5000, 0.000, NS
(11, 11), 63, 79, 2961.0000, 0.997, NS
(30, 24), 39, 48, 2471.6250, 0.999, NS
(20, 16), 24, 39, 2060.4000, 0.824, NS
(12, 12), 15, 14, 446.2500, 1.000, NS
(31, 25), 74, 153, 11292.4000, 0.013, LL
(4, 8), 8, 28, 307.3333, 0.999, NS
(23, 21), 64, 113, 9098.6667, 0.060, NS
(46, 10), 15, 72, 426.8571, 1.000, NS
(38, 6), 12, 31, 744.4000, 0.996, NS
(49, 15), 17, 40, 1464.4878, 0.909, NS
(15, 22), 52, 77, 4425.7778, 0.880, NS
(7, 18), 26, 34, 2741.3750, 0.514, NS
(26, 31), 11, 34, 436.7917, 1.000, NS
(18, 27), 85, 112, 16787.5000, 0.000, NS
(50, 16), 10, 32, 680.0000, 0.931, NS
(42, 12), 23, 51, 1104.0000, 1.000, NS
(8, 19), 9, 50, 817.6500, 0.736, NS
(27, 32), 59, 134, 8652.7714, 0.019, LL
(19, 28), 132, 299, 27390.0000, 0.000, NS
(11, 24), 47, 138, 4480.6667, 0.684, NS
(30, 37), 201, 125, 32310.7500, 0.001, HH
(34, 13), 7, 14, 699.4400, 0.618, NS
(4, 21), 10, 29, 450.0000, 0.999, NS
(45, 22), 486, 275, 75573.0000, 0.020, HH
(37, 18), 6, 21, 357.6000, 0.995, NS
(22, 38), 362, 227, 71036.4667, 0.000, NS
(14, 34), 7, 11, 446.3667, 0.993, NS
(46, 23), 566, 381, 125708.6000, 0.000, NS
(38, 19), 85, 104, 12287.6000, 0.042, LL
(49, 28), 26, 42, 1683.8095, 0.997, NS
(15, 35), 67, 157, 12955.5667, 0.000, NS
(7, 31), 212, 305, 49148.6667, 0.000, NS
(26, 44), 47, 86, 3521.0833, 0.950, NS
(18, 40), 12, 44, 1340.5000, 0.385, NS
(41, 29), 208, 183, 42033.8286, 0.000, NS
(33, 25), 88, 139, 13282.1333, 0.010, LL
(44, 34), 10, 8, 344.3333, 1.000, NS
(10, 41), 116, 188, 14993.8286, 0.111, NS
(45, 35), 4, 17, 65.4000, 1.000, NS
(37, 31), 128, 189, 24648.5333, 0.000, NS
(3, 38), 70, 93, 4522.0000, 0.978, NS
(22, 51), 127, 139, 15938.5000, 0.155, NS
(14, 47), 241, 189, 58996.8000, 0.000, NS