Global BiFI value is: 621130650.0337
O, D, V1, V2, BI, p-value, BI_Result
(18, 29), 509.862953, 490.8309288, 263284.1984, 0.050, NS
(32, 9), 510.2795344, 506.2151293, 256932.5466, 0.390, NS
(10, 9), 502.0566553, 511.5971215, 255756.1457, 0.200, NS
(3, 18), 497.8527057, 499.4755511, 248744.7505, 0.540, NS
(14, 18), 497.8675657, 504.7421049, 249248.0811, 0.450, NS
(32, 1), 502.6883595, 502.2501401, 254428.2585, 0.220, NS
(7, 10), 502.1935323, 504.2716223, 240161.5097, 0.940, NS
(17, 13), 503.0305898, 508.640169, 255765.7354, 0.310, NS
(34, 14), 493.5922137, 495.2544844, 248040.2035, 0.370, NS
(32, 24), 494.7330371, 510.5712828, 260537.3097, 0.030, LL
(32, 37), 500.461671, 497.5207071, 246552.6173, 0.630, NS
(14, 37), 504.3007008, 500.8831613, 252336.5328, 0.410, NS
(4, 10), 492.8067166, 499.2904595, 246754.5059, 0.500, NS
(7, 2), 497.642196, 502.4459457, 243082.2442, 0.820, NS
(30, 20), 497.804498, 500.260906, 248858.4777, 0.430, NS
(20, 21), 504.545179, 491.9601664, 246124.6779, 0.690, NS
(28, 10), 497.2655476, 482.0486808, 243138.4567, 0.790, NS
(20, 20), 494.9313573, 502.3026741, 248468.6989, 0.410, NS
(32, 21), 499.4766589, 495.4278453, 254827.3338, 0.220, NS
(7, 20), 499.3831047, 493.2901851, 239930.1157, 0.900, NS
(7, 21), 498.4986973, 498.694121, 246737.2010, 0.590, NS
(7, 9), 504.7609707, 497.5641049, 255101.0844, 0.360, NS
(29, 37), 503.251131, 492.4214198, 255031.8961, 0.310, NS
(13, 20), 492.7667862, 496.1036499, 246351.7375, 0.530, NS
(4, 2), 503.8920059, 500.1570199, 256494.7992, 0.300, NS
(29, 14), 498.490613, 486.8849491, 250952.3656, 0.390, NS
(8, 9), 500.4713394, 496.3895492, 249796.1414, 0.480, NS
(17, 37), 496.3842368, 502.3957923, 248341.6817, 0.500, NS
(29, 1), 498.6429888, 498.0356932, 251354.9797, 0.330, NS
(28, 13), 491.561087, 493.1924581, 243493.3735, 0.630, NS
(13, 24), 497.7202071, 496.7002492, 249209.0324, 0.490, NS
(13, 29), 501.8571814, 483.9478179, 248133.8122, 0.670, NS
(29, 18), 498.4926555, 504.9225258, 251346.8572, 0.330, NS
(4, 37), 502.2033814, 498.350279, 251884.9963, 0.470, NS
(8, 21), 501.8591825, 501.8500038, 251955.9831, 0.430, NS
(3, 9), 493.1235935, 502.4971758, 245349.7102, 0.610, NS
(3, 30), 502.2024834, 500.2784015, 250935.9951, 0.550, NS
(10, 10), 500.9922515, 498.7382702, 250448.1028, 0.480, NS
(17, 1), 499.8526132, 495.8266196, 250121.4790, 0.510, NS
(13, 14), 496.2005079, 506.0399369, 248460.7437, 0.480, NS
(1, 8), 499.4071503, 494.2861182, 253834.9890, 0.300, NS
(28, 21), 495.5140277, 501.937341, 250087.0667, 0.360, NS
(20, 14), 496.9702656, 504.7907331, 248644.6513, 0.500, NS
(13, 15), 500.9570422, 504.4992109, 250393.4011, 0.510, NS
(20, 29), 503.0793019, 501.2497433, 257300.0129, 0.260, NS
(28, 15), 501.9450432, 507.8538922, 244678.5691, 0.770, NS
(3, 15), 501.1309213, 497.6217138, 250590.7766, 0.530, NS
(32, 30), 504.2956249, 509.3678191, 245045.4963, 0.780, NS
(1, 18), 498.4995697, 502.2535075, 249754.1897, 0.540, NS
(32, 10), 493.6895257, 495.4836586, 242035.7881, 0.690, NS
(32, 18), 503.1908551, 501.7066316, 257576.8880, 0.110, NS
(29, 8), 497.4363044, 498.7286127, 252621.1900, 0.260, NS
(17, 24), 491.7906429, 500.4185661, 245687.5726, 0.520, NS
(14, 14), 504.1939116, 499.2945891, 252057.1560, 0.470, NS
(4, 17), 500.1531871, 504.3448592, 249639.8857, 0.550, NS
(28, 17), 494.923258, 503.1431287, 245593.7361, 0.570, NS
(8, 18), 498.1984773, 499.6342429, 249466.8915, 0.460, NS
(10, 17), 498.3963235, 496.4720952, 245990.0027, 0.670, NS
(1, 37), 498.3083324, 502.2317396, 249921.7648, 0.420, NS
(10, 20), 499.2534264, 494.4383128, 249699.8293, 0.520, NS
(7, 17), 505.9968753, 501.6852478, 248299.1221, 0.740, NS
(34, 29), 496.1309104, 506.8286068, 256442.8586, 0.080, NS
(8, 20), 500.5842958, 495.3995971, 249889.3096, 0.540, NS
(28, 29), 491.1785335, 504.7844898, 244714.4416, 0.500, NS
(10, 14), 506.8010859, 502.46639, 253428.7729, 0.530, NS
(1, 9), 501.3194192, 499.3579967, 250041.7650, 0.550, NS
(18, 20), 494.363416, 495.2542613, 243169.2696, 0.690, NS
(18, 9), 498.6753871, 507.8926246, 250580.4466, 0.430, NS
(7, 29), 505.2939934, 499.6043453, 255967.2290, 0.350, NS
(13, 13), 495.1683751, 500.1045205, 246908.8276, 0.540, NS
(8, 24), 493.1673826, 506.175268, 247154.6808, 0.500, NS
(14, 10), 501.6873117, 501.3484855, 251240.7825, 0.520, NS
(30, 29), 489.3857077, 491.5147056, 242021.6188, 0.680, NS
(20, 15), 495.7526741, 495.9762897, 248815.8065, 0.470, NS
(18, 8), 510.9089161, 499.9282844, 258382.0939, 0.320, NS
(17, 14), 496.8266057, 497.3267975, 248574.3628, 0.560, NS
(17, 2), 496.5575277, 496.679474, 246821.6984, 0.580, NS
(8, 17), 497.1102826, 494.1350248, 241902.1493, 0.750, NS
(3, 29), 489.7173312, 504.3178963, 243676.4872, 0.630, NS
(10, 18), 493.951333, 494.9152039, 247282.0507, 0.530, NS
(8, 37), 503.7991679, 491.7305972, 251950.4751, 0.490, NS
(13, 21), 507.7113494, 496.2233951, 256411.2954, 0.330, NS
(10, 21), 501.8529336, 505.3362712, 248869.4877, 0.620, NS
(18, 14), 506.9007251, 496.9825548, 255088.5677, 0.350, NS
(28, 20), 493.6421904, 506.3817725, 240874.5783, 0.790, NS
(17, 18), 506.7685321, 494.0508183, 253380.6446, 0.460, NS
(7, 30), 505.0482497, 495.0811206, 244504.9402, 0.880, NS
(8, 29), 498.5534778, 498.0380116, 244947.0328, 0.770, NS
(34, 1), 504.118781, 501.9865443, 259849.9364, 0.050, NS
(34, 13), 499.8224022, 506.4848559, 260844.7685, 0.030, LL
(3, 20), 496.7095934, 497.7052594, 247965.1710, 0.540, NS
(29, 24), 492.4042097, 505.0408659, 250645.8684, 0.360, NS
(13, 17), 495.025505, 501.6174949, 241656.2736, 0.760, NS
(10, 37), 496.6721585, 509.5759384, 248491.1875, 0.410, NS
(8, 8), 487.6214387, 493.7118081, 245383.4951, 0.400, NS
(30, 1), 504.3947677, 508.939918, 252337.8095, 0.380, NS
(29, 9), 502.9043184, 501.1981471, 256309.5495, 0.220, NS
(32, 13), 496.8759097, 506.5588455, 247927.4630, 0.520, NS
(34, 20), 499.5898923, 503.7805483, 240907.1640, 0.870, NS
(8, 1), 498.7617128, 500.6508135, 249302.3724, 0.460, NS
(14, 2), 498.330729, 504.8874513, 245742.2899, 0.700, NS
(28, 24), 503.4934272, 500.2441643, 255523.2057, 0.340, NS
(17, 8), 502.8125963, 498.9720909, 254568.1681, 0.340, NS
(3, 8), 499.2605834, 498.1201267, 250387.6314, 0.480, NS
(4, 18), 494.1858899, 496.7519604, 246833.5427, 0.500, NS
(30, 15), 506.9141469, 506.918829, 252851.2916, 0.550, NS
(32, 15), 502.298308, 501.5958606, 246441.1593, 0.710, NS
(4, 24), 502.4423075, 492.3595175, 250525.8575, 0.460, NS
(20, 1), 502.706761, 498.5324297, 253685.7996, 0.400, NS
(34, 24), 503.4623911, 496.0663734, 250964.1536, 0.510, NS
(1, 15), 500.5102384, 497.4933042, 250504.1771, 0.440, NS
(3, 2), 492.0403689, 498.1097745, 244572.0371, 0.470, NS
(29, 15), 500.2317486, 485.442812, 248411.7548, 0.610, NS
(17, 9), 504.306209, 504.621437, 254968.4509, 0.370, NS
(1, 1), 504.1475456, 505.2044509, 252776.9551, 0.460, NS
(34, 18), 505.4443478, 502.836751, 252700.9646, 0.500, NS
(20, 37), 500.5384099, 504.7525959, 254487.2808, 0.260, NS
(18, 21), 494.2154585, 509.9682846, 242402.0706, 0.770, NS
(3, 13), 507.4788077, 501.9747882, 253708.0373, 0.480, NS
(28, 1), 509.622233, 499.6531155, 250585.1868, 0.670, NS
(20, 18), 496.8343186, 501.5746398, 249798.9329, 0.340, NS
(32, 2), 504.7380863, 499.9703498, 253759.6980, 0.410, NS
(14, 8), 490.3725328, 492.8717829, 251665.9781, 0.180, NS
(4, 9), 502.1441805, 491.2370882, 250208.4697, 0.600, NS
(14, 9), 495.3301652, 498.5031394, 256175.5691, 0.080, NS
(18, 2), 500.3402847, 505.3015437, 253135.9766, 0.300, NS
(8, 30), 502.2907679, 499.510692, 249984.9840, 0.530, NS
(3, 21), 493.7909246, 504.2286538, 251420.1472, 0.280, NS
(28, 14), 500.7732506, 494.5643524, 246930.6131, 0.760, NS
(34, 21), 511.7099902, 502.550032, 252638.6327, 0.640, NS
(32, 17), 499.339625, 495.8064645, 245912.6087, 0.660, NS
(4, 30), 497.1817362, 504.0657696, 248363.1357, 0.510, NS
(18, 24), 500.5272598, 511.1709001, 250620.8039, 0.430, NS
(32, 8), 506.5768103, 493.8696277, 252388.9100, 0.550, NS
(4, 13), 499.6950396, 496.4992394, 250775.5630, 0.500, NS
(1, 20), 491.6893274, 497.6026938, 245994.0664, 0.540, NS
(10, 29), 503.6369313, 503.0328905, 246951.8962, 0.730, NS
(14, 30), 495.5412767, 504.9962759, 247852.1882, 0.550, NS
(20, 8), 507.4745973, 502.4671475, 258141.7526, 0.280, NS
(4, 29), 491.5256788, 492.9346752, 247954.7035, 0.450, NS
(10, 2), 495.9437496, 500.1080037, 243445.1325, 0.770, NS
(34, 30), 509.7865642, 506.1477892, 252064.7780, 0.680, NS
(4, 21), 501.1355956, 491.1696965, 257198.7422, 0.220, NS
(32, 14), 496.9342449, 504.1355289, 244990.6539, 0.750, NS
(30, 21), 495.6533941, 507.55322, 248646.4418, 0.380, NS
(18, 30), 504.6888585, 502.7644379, 249303.3637, 0.640, NS
(1, 21), 500.4492139, 500.1733308, 253880.2458, 0.310, NS
(3, 17), 508.3830153, 504.5851836, 250233.4360, 0.600, NS
(34, 9), 502.1871909, 498.2159367, 256889.8847, 0.240, NS
(34, 15), 500.0769136, 494.3076461, 244340.0864, 0.820, NS
(29, 13), 506.6050044, 503.7452168, 255762.6931, 0.380, NS
(7, 14), 498.6535288, 503.2490608, 237799.0281, 0.970, NS
(30, 2), 497.2990134, 498.1710456, 244599.2320, 0.700, NS
(10, 15), 496.0454152, 497.4256372, 247897.3679, 0.500, NS
(20, 30), 486.6404924, 501.0389284, 235016.2325, 0.830, NS
(8, 14), 490.8562523, 503.7188939, 245097.5350, 0.480, NS
(3, 37), 517.2709242, 508.4195738, 259155.0894, 0.460, NS
(17, 29), 491.3073555, 497.2977097, 248234.6919, 0.350, NS
(34, 8), 504.7887512, 501.8876696, 251191.0585, 0.580, NS
(14, 13), 496.1991287, 490.3446945, 248597.6497, 0.490, NS
(18, 15), 501.0165807, 508.221494, 248628.4741, 0.620, NS
(20, 10), 500.9962697, 495.4945895, 247324.4138, 0.660, NS
(14, 29), 496.6776632, 501.2311065, 252061.4704, 0.230, NS
(29, 21), 491.5453445, 499.8251898, 248620.6954, 0.390, NS
(18, 18), 504.0175409, 501.1194178, 251694.4864, 0.470, NS
(14, 24), 493.9669387, 498.7641728, 247744.3397, 0.440, NS
(7, 37), 506.6833538, 500.995829, 245110.0596, 0.870, NS
(13, 8), 509.9404403, 499.690525, 258616.4000, 0.290, NS
(34, 37), 506.7201657, 500.21343, 258446.0729, 0.250, NS
(30, 17), 493.866123, 499.021002, 239896.9866, 0.830, NS
(3, 14), 503.7830118, 506.7662378, 252291.9207, 0.480, NS
(20, 17), 494.5974208, 491.780424, 256262.4337, 0.140, NS
(29, 20), 498.3163484, 499.4235985, 246976.4039, 0.610, NS
(28, 2), 494.2398608, 507.6667535, 248083.4073, 0.450, NS
(18, 1), 494.7058948, 494.0693403, 251587.5250, 0.270, NS
(14, 21), 499.2171387, 506.115152, 245830.9728, 0.660, NS
(28, 8), 502.8304272, 498.2329569, 252024.6804, 0.450, NS
(8, 13), 499.2848907, 505.1479657, 247435.1039, 0.610, NS
(10, 30), 500.2356392, 497.8600003, 249400.8629, 0.570, NS
(30, 8), 497.4096151, 486.3330849, 249793.1095, 0.380, NS
(13, 30), 502.7177385, 493.8244481, 250802.9860, 0.530, NS
(30, 9), 502.6271817, 503.4903933, 250591.4533, 0.510, NS
(34, 2), 504.1738739, 491.1809362, 259360.0606, 0.140, NS
(28, 9), 494.8406737, 498.2108431, 252377.3085, 0.180, NS
(3, 10), 509.9599975, 504.1196095, 255099.7962, 0.500, NS
(7, 8), 499.8906585, 496.2203726, 247073.0903, 0.730, NS
(30, 37), 494.5336682, 498.792982, 247353.2712, 0.380, NS
(30, 18), 496.7614518, 502.9798491, 248735.5173, 0.510, NS
(29, 29), 500.0615471, 508.146965, 254036.5409, 0.290, NS
(34, 10), 499.9030271, 496.5261521, 250343.7696, 0.530, NS
(13, 10), 493.0906869, 507.1810255, 246672.7273, 0.450, NS
(7, 1), 504.1717093, 502.3580583, 243486.6550, 0.890, NS
(8, 10), 495.6800137, 510.4999408, 246631.8358, 0.580, NS
(1, 29), 506.8429684, 505.57447, 249021.1218, 0.780, NS
(4, 20), 501.3635532, 487.0843518, 250451.2233, 0.590, NS
(7, 24), 502.0931619, 496.4451154, 252938.8945, 0.380, NS
(20, 2), 499.1232532, 494.7227306, 251669.1083, 0.420, NS
(4, 15), 502.3733742, 501.2853518, 251304.1286, 0.550, NS
(32, 29), 498.1004241, 501.5806669, 247152.8169, 0.620, NS
(3, 24), 501.1403465, 502.6209715, 249816.4653, 0.500, NS
(1, 14), 501.5182548, 494.6962265, 251562.7807, 0.470, NS
(8, 2), 505.2550071, 505.5078316, 251254.7956, 0.570, NS
(32, 20), 496.121361, 503.331251, 249694.6720, 0.380, NS
(1, 17), 499.8659633, 503.4512497, 243854.4849, 0.740, NS
(30, 14), 500.2648766, 497.8033215, 250045.7572, 0.410, NS
(28, 37), 496.3693771, 507.6714542, 244650.1416, 0.620, NS
(20, 9), 498.1734489, 502.1194514, 250367.0482, 0.460, NS
(7, 18), 499.5848303, 487.4783679, 246082.2570, 0.690, NS
(30, 10), 496.101454, 494.3581947, 247526.3442, 0.500, NS
(13, 9), 495.14047, 499.8801723, 249324.4569, 0.420, NS
(20, 24), 505.4864105, 499.4183141, 254128.0383, 0.360, NS
(18, 10), 504.6714646, 503.2122301, 251454.9807, 0.580, NS
(4, 8), 496.4520072, 496.0528866, 247674.6330, 0.520, NS
(4, 1), 495.8182441, 502.9405998, 248488.4604, 0.500, NS
(17, 17), 499.6538976, 498.6601756, 251586.9344, 0.430, NS
(1, 13), 500.4768851, 497.5265121, 250453.2605, 0.480, NS
(1, 2), 499.6066358, 498.3889043, 246005.5761, 0.680, NS
(13, 2), 498.2459314, 497.0744875, 245244.5221, 0.700, NS
(13, 18), 496.1502091, 497.8730939, 248398.8232, 0.520, NS
(13, 37), 494.6069268, 496.9795847, 247918.8095, 0.450, NS
(10, 13), 496.0442723, 502.9716209, 245353.8710, 0.610, NS
(29, 2), 494.0285693, 504.1361481, 252905.0726, 0.230, NS
(10, 24), 498.1610462, 510.6485334, 249122.2627, 0.610, NS
(29, 17), 500.9087444, 489.7497635, 253682.5982, 0.320, NS
(29, 30), 501.8768491, 500.9056783, 252280.1344, 0.390, NS
(3, 1), 495.4525457, 507.5886027, 248200.4750, 0.430, NS
(17, 30), 501.367814, 499.5862367, 250828.5257, 0.490, NS
(17, 20), 487.1914431, 507.637531, 243605.6629, 0.540, NS
(10, 8), 503.9201727, 499.1324755, 256438.9286, 0.240, NS
(18, 37), 506.6551745, 498.1851769, 259297.9360, 0.190, NS
(10, 1), 513.0866272, 496.5846617, 256877.4209, 0.390, NS
(28, 30), 507.6472, 502.9809647, 249018.5875, 0.700, NS
(30, 13), 501.3224167, 505.7121878, 247919.1482, 0.660, NS
(29, 10), 505.6343187, 494.809369, 254698.1245, 0.390, NS
(18, 13), 500.8569909, 493.7960453, 259647.5097, 0.070, NS
(14, 17), 501.2988941, 500.5642535, 246454.7979, 0.780, NS
(1, 24), 494.1248724, 500.3874889, 247068.4511, 0.480, NS
(8, 15), 496.638484, 501.8238732, 247469.1735, 0.550, NS
(14, 1), 497.2077898, 493.8734634, 248463.3024, 0.480, NS
(34, 17), 495.9817757, 497.1491672, 252012.9984, 0.250, NS
(4, 14), 492.6902274, 504.0028772, 246527.5075, 0.570, NS
(18, 17), 499.7509256, 496.1723346, 257265.2271, 0.130, NS
(14, 15), 497.7429344, 496.8670955, 249107.2519, 0.450, NS
(28, 18), 499.1117125, 502.8628198, 249030.0203, 0.520, NS
(1, 30), 494.9390404, 492.5424115, 247184.5625, 0.520, NS
(30, 24), 492.366455, 495.0425234, 246573.4212, 0.500, NS
(30, 30), 504.4995663, 499.4640392, 251394.0192, 0.490, NS
(17, 21), 506.1223702, 509.0999985, 251742.6674, 0.520, NS
(13, 1), 493.2936669, 506.5107151, 247045.0515, 0.460, NS
(1, 10), 497.4561568, 506.2077822, 248689.4121, 0.540, NS
(7, 15), 499.168716, 491.3533802, 238363.5676, 0.920, NS
(17, 10), 499.665335, 496.6688591, 250240.5324, 0.540, NS
(7, 13), 500.1311622, 501.6883618, 247384.5519, 0.600, NS
(17, 15), 502.1869488, 501.6327942, 251345.1945, 0.540, NS
(20, 13), 500.8953649, 513.0166285, 256374.0885, 0.290, NS
(14, 20), 502.2665813, 496.2785091, 251484.2772, 0.490, NS
(34, 26), 1076.605089, 741.6517845, 554421.3080, 0.150, NS
(30, 33), 1171.023452, 628.2517507, 594130.8588, 0.290, NS
(30, 34), 1163.190491, 476.0886894, 595016.2939, 0.270, NS
(25, 14), 1234.94506, 459.9060135, 592417.2457, 0.920, NS
(1, 25), 1146.087541, 511.0024066, 585904.5019, 0.190, NS
(2, 4), 797.9665666, 557.1698577, 377882.1359, 0.890, NS
(22, 35), 876.0076479, 433.572063, 435298.3039, 0.600, NS
(12, 29), 1078.112573, 463.3498607, 540133.0173, 0.520, NS
(30, 5), 887.1731505, 485.6775731, 443817.5582, 0.520, NS
(25, 9), 774.1235597, 474.8919394, 370690.1244, 0.940, NS
(30, 22), 1126.077523, 528.0633408, 566265.3822, 0.330, NS
(29, 33), 1359.041133, 445.8425313, 699483.3831, 0.160, NS
(3, 33), 925.5576207, 353.3424009, 473320.9386, 0.330, NS
(4, 33), 1049.278831, 582.6865024, 524583.5804, 0.540, NS
(32, 6), 767.0553331, 558.4497568, 395053.2405, 0.190, NS
(36, 8), 934.2228389, 633.7200479, 478054.2475, 0.230, NS
(14, 6), 1165.17425, 482.3983931, 614036.6739, 0.040, HH
(37, 25), 1199.015973, 458.1546119, 585372.8623, 0.750, NS
(4, 32), 1157.702772, 570.3126175, 560160.5420, 0.880, NS
(35, 30), 1077.147147, 500.4558471, 545027.2347, 0.500, NS
(11, 18), 794.2234918, 506.6714577, 395913.5785, 0.490, NS
(18, 12), 1285.733786, 595.7420077, 662705.7404, 0.100, NS
(17, 32), 1071.499816, 321.6300716, 524461.2768, 0.910, NS
(5, 20), 1013.592702, 522.5738838, 483797.4568, 0.860, NS
(16, 9), 1172.683425, 627.5055574, 593904.0573, 0.430, NS
(22, 36), 1176.248076, 598.8348121, 579049.3667, 0.720, NS
(16, 12), 1149.764755, 430.5372276, 566962.4182, 0.700, NS
(9, 33), 822.3561855, 384.7797117, 384865.8209, 1.000, NS
(23, 20), 1102.906806, 662.5685555, 526303.9143, 0.900, NS
(28, 4), 1076.685933, 476.9795996, 532689.4518, 0.600, NS
(22, 7), 1124.624668, 487.6979332, 578032.4150, 0.210, NS
(16, 2), 1182.501069, 430.1899578, 563848.8677, 0.970, NS
(2, 33), 1156.285638, 272.4820137, 561462.0012, 0.810, NS
(12, 8), 986.3183258, 651.8235783, 486587.4339, 0.720, NS
(23, 31), 996.0934382, 641.4110922, 508688.4720, 0.270, NS
(27, 17), 932.024201, 418.0839319, 473416.7870, 0.220, NS
(15, 35), 1086.465317, 676.083976, 563025.2917, 0.130, NS
(35, 22), 1080.169936, 449.5419085, 497734.2407, 1.000, NS
(3, 32), 1104.553884, 653.5229502, 549176.0623, 0.620, NS
(27, 35), 1164.383181, 530.391435, 630014.1036, 0.000, NS
(9, 17), 859.6591264, 530.5261424, 413703.0935, 0.930, NS
(26, 4), 1100.501257, 377.3046187, 583434.0682, 0.020, HH
(17, 27), 1082.974361, 610.0890698, 540466.2472, 0.520, NS
(4, 28), 584.4212667, 375.7261281, 295149.1859, 0.420, NS
(8, 26), 937.0536969, 528.2077498, 458754.5541, 0.700, NS
(19, 20), 1259.939835, 365.8942524, 625494.7239, 0.540, NS
(2, 2), 725.762395, 449.1169752, 351174.9911, 0.840, NS
(19, 32), 1405.248814, 485.5707747, 688256.1495, 0.770, NS
(16, 8), 1069.052001, 449.6083989, 537335.7525, 0.500, NS
(19, 8), 1002.530685, 437.5414277, 500320.2481, 0.600, NS
(27, 30), 1064.760401, 584.5163149, 512921.5236, 0.900, NS
(23, 18), 1237.49804, 374.4259113, 601039.2825, 0.790, NS
(34, 28), 1207.057143, 594.4902436, 624372.2069, 0.100, NS
(27, 10), 481.6758641, 529.3780337, 226752.1031, 0.980, NS
(26, 11), 903.3232965, 496.7713328, 441448.6451, 0.770, NS
(11, 5), 1011.817327, 687.0201257, 561009.8965, 0.000, NS
(13, 35), 1378.860296, 428.589707, 716125.4152, 0.120, NS
(9, 21), 1122.824408, 460.3851482, 569264.6207, 0.260, NS
(23, 25), 774.7339878, 498.5708093, 376324.5182, 0.760, NS
(32, 36), 1056.451, 436.1204381, 528028.4760, 0.470, NS
(14, 4), 948.0707723, 553.7705887, 493168.0084, 0.060, NS
(9, 10), 944.6584668, 507.2651814, 468714.4804, 0.620, NS
(28, 26), 781.6817579, 558.0326663, 386257.4755, 0.640, NS
(10, 36), 937.4327343, 449.7791276, 468873.0287, 0.530, NS
(34, 4), 1319.96866, 368.3682357, 692145.0274, 0.040, HH
(14, 25), 804.9945072, 544.520445, 439492.6303, 0.000, NS
(15, 24), 1250.188262, 349.0824023, 634719.0116, 0.250, NS
(37, 31), 968.9715507, 386.688045, 471369.6223, 0.860, NS
(23, 14), 882.3077828, 441.7860625, 438927.9260, 0.600, NS
(26, 16), 1511.495654, 515.0942385, 751391.9602, 0.610, NS
(21, 22), 1106.779885, 480.1730433, 549477.6944, 0.570, NS
(9, 7), 1242.84611, 520.4003716, 609555.2253, 0.780, NS
(23, 35), 1094.683449, 456.2811952, 555539.1959, 0.300, NS
(8, 16), 821.6994351, 552.0556652, 397649.1698, 0.770, NS
(1, 34), 1203.995444, 462.2912978, 603210.4196, 0.570, NS
(17, 3), 1106.865985, 456.0418212, 556098.2096, 0.370, NS
(6, 21), 809.7034406, 521.2651149, 394280.3735, 0.780, NS
(19, 4), 1021.039011, 501.0100947, 516555.4800, 0.390, NS
(9, 15), 852.9256148, 327.3297457, 428633.8398, 0.400, NS
(12, 36), 1297.784958, 488.453871, 603689.1267, 0.960, NS
(19, 11), 955.1516429, 626.1854543, 479379.6121, 0.480, NS
(29, 35), 1131.957011, 450.8275452, 550003.4299, 0.840, NS
(21, 1), 840.6672835, 531.8736566, 430256.5744, 0.200, NS
(32, 19), 1051.140303, 381.635458, 508819.4385, 0.940, NS
(35, 35), 952.9103368, 311.531456, 460440.2495, 0.830, NS
(23, 8), 1056.421092, 487.0337511, 535119.2385, 0.330, NS
(20, 11), 1214.280689, 666.210961, 620650.8450, 0.170, NS
(12, 22), 1020.055444, 346.5574397, 496291.7331, 0.850, NS
(9, 22), 906.8931224, 579.6593114, 436061.7995, 0.920, NS
(15, 19), 1085.108398, 572.4237593, 494887.1252, 1.000, NS
(11, 14), 847.9829771, 373.302468, 408382.4784, 0.930, NS
(26, 17), 1242.549797, 569.0447592, 606567.8461, 0.770, NS
(20, 35), 976.6659522, 485.3619651, 470641.7834, 0.850, NS
(29, 19), 948.9864335, 438.888464, 490987.5138, 0.170, NS
(12, 11), 933.8535432, 426.4763346, 462296.0783, 0.670, NS
(15, 31), 1029.564553, 348.4606079, 523249.1215, 0.260, NS
(5, 36), 822.5908708, 675.5181982, 427261.9778, 0.180, NS
(35, 29), 1106.497813, 463.4704187, 551341.7489, 0.580, NS
(4, 22), 865.6555879, 622.3357876, 453026.4811, 0.120, NS
(21, 29), 1075.125273, 547.8983497, 551514.3559, 0.210, NS
(5, 31), 603.0576946, 470.7589172, 296706.2307, 0.760, NS
(32, 34), 1243.11971, 653.4956395, 670384.3522, 0.020, HH
(30, 4), 960.9093225, 344.3605527, 480171.4107, 0.510, NS
(35, 24), 925.0362489, 360.326867, 480426.9299, 0.160, NS
(34, 16), 696.6500747, 398.7392606, 341818.2821, 0.800, NS
(15, 6), 1139.452617, 463.6174547, 572422.2820, 0.450, NS
(35, 15), 851.6513388, 459.7803095, 452399.1114, 0.030, LL
(12, 27), 1064.465439, 522.2208022, 528652.4960, 0.650, NS
(28, 23), 1062.277975, 551.1987493, 557283.2947, 0.080, NS
(6, 37), 904.7510398, 423.8597542, 440001.8290, 0.830, NS
(30, 28), 845.0672828, 358.7020571, 422998.6051, 0.480, NS
(12, 19), 894.2677293, 443.5982749, 421639.6627, 0.970, NS
(14, 33), 447.3292476, 445.7624058, 216926.0631, 0.880, NS
(31, 8), 802.5048604, 615.5682711, 414287.2417, 0.160, NS
(37, 17), 1035.30397, 571.2129077, 560783.2815, 0.000, NS
(23, 7), 1165.843355, 455.8009406, 601929.6210, 0.140, NS
(34, 22), 1444.066894, 506.1052603, 714272.8894, 0.690, NS
(13, 4), 1001.124587, 496.9423175, 502420.1515, 0.400, NS
(10, 4), 997.68142, 431.056438, 497087.5649, 0.510, NS
(37, 22), 1007.494471, 683.7703792, 515227.6749, 0.210, NS
(12, 9), 1300.135709, 542.5862925, 642681.9757, 0.740, NS
(25, 26), 980.3618232, 380.2337511, 502625.2066, 0.280, NS
(33, 25), 1150.247482, 561.1857474, 573054.3719, 0.590, NS
(31, 5), 1150.709524, 399.8363462, 549556.5964, 0.850, NS
(34, 27), 1298.973862, 492.5015734, 657110.0691, 0.340, NS
(1, 12), 608.8993937, 519.1871921, 310057.4899, 0.320, NS
(3, 7), 1067.988302, 462.7578495, 556495.2787, 0.130, NS
(7, 16), 1288.473102, 564.5744283, 636442.1120, 0.730, NS
(19, 17), 894.8446313, 624.2753986, 440020.1807, 0.740, NS
(13, 36), 1127.220453, 447.5292392, 569100.5379, 0.510, NS
(36, 15), 607.0596702, 567.2606498, 299339.5810, 0.640, NS
(2, 36), 778.4137274, 343.2871267, 377047.6252, 0.850, NS
(5, 11), 1260.793951, 418.7237397, 602179.7023, 0.920, NS
(5, 26), 1022.958387, 519.8813755, 544877.9889, 0.070, NS
(4, 26), 766.5735146, 569.6245393, 373347.7549, 0.710, NS
(1, 6), 930.2858858, 415.4777216, 470498.0539, 0.320, NS
(22, 9), 800.0478334, 412.2209504, 398691.3836, 0.600, NS
(8, 3), 987.7484923, 322.6056757, 487189.8193, 0.600, NS
(28, 32), 826.6948413, 460.0840945, 426617.7325, 0.060, NS
(11, 24), 829.292674, 684.4183515, 415467.2041, 0.400, NS
(36, 17), 718.7864001, 524.7321351, 377744.1543, 0.020, LL
(21, 12), 735.8023907, 480.1913916, 389016.6243, 0.000, NS
(33, 37), 953.9456308, 393.8229624, 476040.7686, 0.500, NS
(32, 22), 932.8545814, 508.4131217, 467464.9125, 0.440, NS
(5, 14), 1261.495109, 409.297129, 620464.6452, 0.690, NS
(21, 25), 1040.665952, 456.4418039, 492542.7430, 0.930, NS
(12, 21), 1153.511126, 457.8241626, 576830.9450, 0.410, NS
(37, 27), 1152.185937, 476.4274399, 564695.6207, 0.800, NS
(8, 4), 796.0553281, 481.9208711, 395678.4142, 0.610, NS
(33, 17), 992.4051319, 607.3941017, 458724.6339, 0.990, NS
(29, 25), 749.6140073, 435.3478874, 377452.1477, 0.380, NS
(26, 33), 792.5458215, 537.0795127, 410393.1924, 0.140, NS
(16, 16), 1004.933735, 290.7708885, 481492.6188, 0.920, NS
(31, 34), 1159.101988, 606.6552936, 539420.9748, 0.980, NS
(30, 19), 825.4739723, 451.932243, 412941.4101, 0.420, NS
(9, 19), 972.5387347, 537.1327869, 455156.5871, 1.000, NS
(5, 25), 1133.356619, 755.4892336, 600366.8961, 0.150, NS
(26, 5), 1128.246533, 431.9511438, 563343.6209, 0.520, NS
(17, 7), 1060.250842, 590.6537764, 547511.5840, 0.070, NS
(9, 26), 936.0004269, 661.485402, 467995.2738, 0.430, NS
(31, 33), 1195.368113, 628.2922086, 553872.0950, 0.980, NS
(10, 31), 1024.286403, 560.6359286, 525632.8330, 0.210, NS
(36, 18), 1305.479931, 450.1631312, 636899.6712, 0.830, NS
(8, 5), 960.9368103, 432.8669555, 474183.6819, 0.640, NS
(24, 5), 755.7016729, 495.0051424, 385539.2068, 0.200, NS
(34, 35), 1085.459377, 529.0110633, 557376.9065, 0.150, NS
(25, 31), 825.0555747, 523.6052118, 428952.6151, 0.040, LL
(31, 10), 876.2311175, 582.1689109, 441294.8557, 0.340, NS
(5, 22), 1003.01531, 509.3944784, 525557.9798, 0.070, NS
(23, 23), 845.1598566, 553.0577728, 431445.6543, 0.240, NS
(12, 10), 870.1620213, 594.0920901, 435270.9284, 0.480, NS
(33, 1), 1011.748351, 547.5442477, 495581.7546, 0.780, NS
(20, 3), 983.8466531, 601.399721, 500777.0226, 0.290, NS
(2, 23), 1250.40571, 441.2654078, 625120.1437, 0.490, NS
(9, 34), 732.0771565, 559.1991405, 365006.7810, 0.530, NS
(25, 28), 765.941417, 383.1660739, 391008.9374, 0.260, NS
(25, 17), 1147.234649, 529.0193317, 571432.4733, 0.510, NS
(21, 5), 1297.702802, 361.5658169, 682810.4508, 0.110, NS
(15, 13), 979.4889908, 596.6279833, 481194.3480, 0.730, NS
(31, 17), 964.5276955, 424.2784746, 482229.7696, 0.500, NS
(21, 18), 1422.061465, 525.7203964, 708656.5473, 0.490, NS
(33, 8), 860.1308593, 480.0475948, 436548.5122, 0.310, NS
(3, 6), 1179.878649, 483.319155, 588603.9358, 0.540, NS
(25, 19), 811.1030303, 538.3144351, 430805.8735, 0.060, NS
(32, 5), 840.6053529, 688.8302052, 446487.9113, 0.040, LL
(27, 13), 1120.477222, 528.7513078, 565659.9932, 0.300, NS
(35, 10), 1296.093818, 583.2935531, 672783.6204, 0.100, NS
(35, 16), 1256.216556, 438.2079127, 565124.7510, 0.990, NS
(2, 27), 956.2329269, 568.1869274, 453692.0061, 0.940, NS
(27, 4), 592.460227, 400.0688558, 300411.5857, 0.280, NS
(12, 25), 1086.92166, 522.9570289, 539988.8936, 0.630, NS
(32, 32), 1037.307773, 475.3312316, 509092.8945, 0.800, NS
(35, 5), 1365.921756, 777.3042975, 650907.3968, 0.870, NS
(2, 16), 1316.026406, 485.672587, 669572.5436, 0.370, NS
(29, 27), 861.8442603, 570.6703246, 432961.6241, 0.390, NS
(7, 22), 1066.577683, 480.1114046, 536168.0609, 0.420, NS
(4, 12), 1007.853021, 627.1595547, 517469.3383, 0.220, NS
(26, 10), 1183.698603, 584.3721912, 553760.7767, 0.980, NS
(22, 10), 308.0151238, 579.6980351, 156334.9941, 0.310, NS
(18, 23), 1043.609912, 565.9769222, 516515.5486, 0.620, NS
(2, 26), 850.7825993, 401.7363116, 410386.9066, 0.800, NS
(26, 18), 950.424581, 528.4774658, 467473.3101, 0.630, NS
(14, 32), 1053.234641, 617.726492, 508609.9456, 0.940, NS
(20, 28), 817.0812624, 498.9540433, 416354.6908, 0.310, NS
(26, 26), 987.0768045, 631.0217183, 533270.3715, 0.040, HH
(16, 4), 1172.715324, 441.6775085, 586753.6731, 0.520, NS
(27, 2), 1406.401825, 420.1072155, 684165.8646, 0.830, NS
(37, 8), 882.7699092, 661.3383594, 460626.9432, 0.130, NS
(22, 11), 745.6842997, 429.4506139, 381432.2934, 0.240, NS
(37, 32), 915.6210051, 434.0873402, 466158.9393, 0.340, NS
(24, 7), 1276.039536, 492.8340584, 645373.7483, 0.270, NS
(36, 12), 1090.920705, 631.5149376, 570289.7669, 0.010, HH
(26, 34), 1080.623513, 318.7581064, 537923.9210, 0.600, NS
(15, 23), 1057.27013, 542.0890717, 520713.0954, 0.740, NS
(9, 4), 838.8662134, 513.5838693, 411723.8600, 0.720, NS
(23, 28), 1022.899351, 520.715576, 504769.5386, 0.670, NS
(15, 21), 982.4867162, 766.3879724, 492520.1039, 0.420, NS
(9, 36), 732.1972054, 374.7415457, 353180.5882, 0.820, NS
(36, 3), 1421.169808, 606.8580171, 720882.5758, 0.350, NS
(24, 32), 991.1226343, 450.2346642, 490945.5637, 0.650, NS
(1, 23), 1285.805614, 571.5693388, 641337.0849, 0.450, NS
(24, 33), 1210.962032, 615.8567398, 582608.1616, 0.940, NS
(12, 23), 607.1284846, 463.0381038, 298478.7796, 0.740, NS
(30, 7), 1260.108391, 466.323662, 627205.4843, 0.590, NS
(23, 4), 1270.556704, 443.4032977, 631997.9460, 0.540, NS
(22, 27), 764.719202, 554.8080546, 374050.1383, 0.820, NS
(11, 30), 839.162702, 455.1144775, 405500.4650, 0.870, NS
(1, 16), 1141.644043, 452.9912141, 562913.2752, 0.630, NS
(37, 3), 969.1001141, 519.2717871, 491443.8091, 0.370, NS
(18, 19), 1099.526336, 343.7963418, 546949.4573, 0.570, NS
(9, 18), 878.7184522, 610.4603568, 456637.1695, 0.070, NS
(27, 16), 998.1510111, 598.6979331, 506249.9596, 0.250, NS
(27, 11), 868.3094824, 616.0592294, 445564.2916, 0.060, NS
(3, 22), 1182.272765, 268.4137085, 610165.0708, 0.110, NS
(33, 34), 1206.332136, 547.8418283, 595768.4281, 0.660, NS
(15, 14), 1109.003274, 566.3019597, 546304.9817, 0.700, NS
(17, 36), 1275.547529, 551.6201942, 605206.9277, 0.960, NS
(19, 37), 924.7047794, 679.7738199, 478952.6168, 0.090, NS
(27, 34), 864.249672, 673.8760519, 470209.0913, 0.000, NS
(3, 34), 866.5782409, 568.2357859, 450206.0298, 0.220, NS
(37, 28), 1026.670054, 557.8995682, 495419.1363, 0.900, NS
(6, 22), 1277.028344, 556.506879, 670036.3611, 0.020, HH
(21, 17), 812.2508587, 507.2608519, 430553.4576, 0.010, LL
(33, 21), 851.4322129, 477.0778666, 423800.5527, 0.480, NS
(2, 22), 990.8835368, 542.9598335, 483371.1227, 0.800, NS
(31, 6), 876.2333159, 450.5609501, 446806.9794, 0.250, NS
(20, 12), 631.7188049, 349.857466, 324097.9815, 0.190, NS
(25, 23), 1144.582971, 591.8654507, 588635.2789, 0.290, NS
(29, 4), 656.1866149, 615.6537343, 319207.4274, 0.760, NS
(31, 31), 767.0544152, 394.1005419, 360945.2047, 0.980, NS
(31, 23), 958.629427, 408.8359049, 476576.0297, 0.510, NS
(25, 24), 954.205001, 515.7316982, 458625.1385, 0.800, NS
(9, 23), 928.0253031, 423.1510155, 447020.0030, 0.890, NS
(23, 33), 1014.397218, 546.9126469, 506164.4665, 0.520, NS
(27, 21), 819.9890655, 481.1768731, 390992.4339, 0.930, NS
(22, 17), 1009.434016, 615.5318291, 529237.9922, 0.040, HH
(4, 27), 890.7741415, 488.6523357, 438282.1707, 0.700, NS
(4, 5), 1030.730065, 482.8018637, 534967.6048, 0.180, NS
(2, 20), 1180.690771, 460.6463202, 568032.2614, 0.870, NS
(28, 31), 1074.395992, 547.4587342, 546998.0543, 0.240, NS
(33, 19), 1042.864838, 448.8864452, 490101.9964, 0.970, NS
(35, 21), 907.4500693, 594.7827604, 452453.8634, 0.460, NS
(36, 21), 861.9104138, 667.5489628, 419916.7297, 0.860, NS
(36, 22), 608.6624594, 450.1825542, 307364.9031, 0.350, NS
(18, 35), 646.201738, 481.977578, 321033.9670, 0.600, NS
(33, 18), 775.0406533, 603.6410289, 392524.5949, 0.280, NS
(12, 4), 891.8300634, 537.7758565, 442249.2430, 0.590, NS
(20, 5), 886.9731831, 604.8116304, 465664.3831, 0.100, NS
(33, 27), 1253.525828, 436.0443471, 626155.9816, 0.620, NS
(35, 14), 1284.082656, 437.6982479, 674124.4995, 0.060, NS
(26, 6), 835.7904523, 393.9436031, 410897.1440, 0.720, NS
(25, 35), 865.6436035, 664.5394191, 467258.6923, 0.050, NS
(5, 24), 1576.945943, 400.5518455, 797232.1022, 0.340, NS
(11, 25), 653.0244881, 503.8756872, 336743.1167, 0.200, NS
(15, 37), 755.1942919, 518.5395395, 375301.6928, 0.610, NS
(3, 5), 942.2013048, 539.9550367, 495265.2048, 0.110, NS
(22, 2), 788.4819547, 266.6764917, 410196.4377, 0.110, NS
(26, 7), 894.6922395, 297.1461212, 458759.1178, 0.150, NS
(11, 35), 1248.279327, 575.7762527, 628142.1093, 0.390, NS
(31, 1), 1331.716601, 539.4869331, 669438.2839, 0.440, NS
(15, 22), 1307.754232, 562.6570982, 632442.4611, 0.910, NS
(13, 34), 788.6034198, 460.7200385, 409686.2728, 0.090, NS
(22, 37), 910.4445742, 600.0687865, 461418.8212, 0.370, NS
(32, 3), 1006.361749, 485.0883847, 511120.7803, 0.370, NS
(20, 19), 980.4005042, 484.0605658, 507775.0434, 0.200, NS
(4, 23), 1070.157295, 572.0087877, 567308.5861, 0.090, NS
(24, 21), 1211.009918, 581.1326505, 590992.3968, 0.760, NS
(36, 25), 883.5292024, 450.1791541, 453334.5294, 0.290, NS
(6, 32), 1208.816396, 388.155409, 629737.5648, 0.030, HH
(20, 23), 843.0268603, 496.8328857, 418143.0197, 0.610, NS
(20, 31), 1094.565482, 444.6258691, 549731.2214, 0.470, NS
(9, 32), 1018.8489, 389.0489066, 487909.4344, 0.930, NS
(35, 11), 1171.134799, 629.6153571, 580617.5766, 0.600, NS
(1, 22), 805.3800579, 288.1700375, 403596.2499, 0.420, NS
(35, 34), 1411.514397, 466.1380971, 710574.7097, 0.450, NS
(31, 24), 532.0357575, 597.4054246, 265290.0547, 0.500, NS
(10, 12), 852.7396956, 438.5746426, 423600.7809, 0.580, NS
(16, 6), 1333.136556, 591.5398402, 668221.7641, 0.580, NS
(31, 16), 865.8002025, 318.6567879, 431467.3797, 0.500, NS
(37, 7), 602.0383188, 494.8469451, 304969.8405, 0.390, NS
(34, 23), 665.9829251, 434.1688222, 333162.4679, 0.550, NS
(34, 11), 1075.417325, 421.3329935, 548216.0581, 0.200, NS
(20, 4), 665.4190798, 395.6400522, 333549.1931, 0.420, NS
(13, 11), 985.0334521, 459.604347, 493761.2689, 0.480, NS
(24, 11), 1096.31821, 323.8296386, 548937.5719, 0.420, NS
(17, 11), 942.344433, 528.9905472, 475025.1033, 0.380, NS
(19, 6), 1011.985107, 510.1898542, 510597.8667, 0.400, NS
(16, 13), 1211.567784, 681.2396264, 598372.8386, 0.660, NS
(11, 12), 1365.736667, 519.0001666, 675368.3416, 0.680, NS
(17, 34), 1219.774678, 560.1228161, 614416.7346, 0.490, NS
(25, 5), 766.1482385, 495.8117404, 406974.0140, 0.070, NS
(9, 3), 1255.451559, 667.5310311, 623223.1310, 0.620, NS
(21, 37), 1103.096828, 393.5182292, 554897.8828, 0.410, NS
(17, 22), 1344.211093, 610.6942954, 691466.0508, 0.160, NS
(31, 36), 1083.266358, 406.990803, 486068.2801, 0.990, NS
(5, 13), 800.4836806, 294.8287796, 392819.6370, 0.660, NS
(20, 27), 1223.767211, 329.9877688, 606147.2541, 0.600, NS
(34, 12), 945.6470039, 480.074919, 479258.0732, 0.280, NS
(17, 19), 1293.478837, 466.5752518, 664591.8419, 0.230, NS
(37, 24), 737.245036, 404.9823374, 370168.5354, 0.510, NS
(25, 36), 1088.532591, 549.522524, 573165.1755, 0.060, NS
(21, 19), 986.8174413, 267.0065304, 485868.7684, 0.650, NS
(18, 33), 965.1203603, 734.9670019, 468346.4651, 0.890, NS
(32, 33), 1121.191855, 411.9229394, 550516.7816, 0.750, NS
(1, 27), 1290.157704, 365.2427746, 649401.3676, 0.430, NS
(6, 29), 651.6233604, 447.2165294, 326327.7102, 0.460, NS
(6, 17), 995.4578596, 417.5075465, 504455.9863, 0.250, NS
(5, 33), 659.1187833, 335.5013149, 347892.9910, 0.070, NS
(24, 31), 1330.913401, 405.0618002, 674401.8793, 0.270, NS
(35, 6), 1287.579417, 490.6315966, 657686.4340, 0.340, NS
(12, 6), 1035.129022, 511.0281068, 514813.3871, 0.670, NS
(16, 30), 968.5380792, 689.1953117, 475612.9519, 0.790, NS
(27, 26), 884.4016079, 492.5876933, 441223.2347, 0.550, NS
(33, 2), 984.7631025, 529.4234184, 476807.2697, 0.860, NS
(16, 35), 1020.823532, 467.484301, 509218.6587, 0.540, NS
(5, 7), 1130.884169, 441.184737, 570618.7212, 0.350, NS
(15, 10), 1346.52832, 420.4270848, 656711.8964, 0.840, NS
(5, 27), 853.5218848, 465.9180071, 424058.2038, 0.620, NS
(25, 16), 1008.67703, 508.7753661, 502001.6981, 0.580, NS
(2, 30), 1408.70291, 464.4613723, 727123.8701, 0.190, NS
(2, 8), 776.1468797, 599.1351495, 401315.9197, 0.170, NS
(28, 22), 895.5566925, 446.8169295, 463562.5552, 0.050, NS
(6, 12), 622.8337896, 442.019577, 315671.6789, 0.250, NS
(12, 16), 1177.023484, 469.3202325, 547700.2885, 1.000, NS
(6, 8), 753.0482085, 450.9028316, 366792.3232, 0.890, NS
(15, 12), 957.7454766, 459.0260187, 464398.4579, 0.890, NS
(36, 9), 884.2078773, 491.2249028, 445084.2624, 0.460, NS
(26, 1), 746.8541152, 590.1952682, 359666.4863, 0.810, NS
(22, 31), 829.5404016, 403.530705, 409816.7941, 0.700, NS
(26, 19), 1125.95781, 598.9925542, 594916.8780, 0.040, HH
(25, 37), 1020.063603, 529.4929215, 479662.3116, 0.980, NS
(33, 35), 927.6608053, 423.4792765, 440833.6922, 0.900, NS
(19, 28), 803.3038381, 514.9738117, 391428.0056, 0.900, NS
(18, 4), 822.7742812, 771.281029, 419657.1993, 0.230, NS
(10, 28), 1290.628601, 394.7584146, 642513.7106, 0.490, NS
(10, 16), 1152.329131, 514.7556667, 576763.7992, 0.510, NS
(8, 28), 1420.458058, 448.267373, 710432.5868, 0.550, NS
(18, 36), 721.6195212, 593.5194378, 351023.5121, 0.810, NS
(31, 28), 861.6771607, 453.7401116, 402158.1049, 1.000, NS
(36, 26), 1050.888478, 444.6255434, 542228.8001, 0.170, NS
(26, 31), 1250.45034, 480.2810717, 606363.2485, 0.850, NS
(35, 31), 1049.695794, 640.6239006, 501869.5486, 0.900, NS
(22, 32), 1021.881119, 478.4160396, 505504.9972, 0.650, NS
(25, 4), 713.2715515, 539.2888348, 359047.7528, 0.420, NS
(14, 5), 1271.180864, 461.535132, 676518.2909, 0.030, HH
(11, 7), 975.3216754, 401.8741185, 510568.3861, 0.040, HH
(32, 16), 991.2509142, 324.4243024, 486597.2172, 0.780, NS
(33, 3), 960.4283191, 583.0035988, 461969.5105, 0.830, NS
(24, 10), 865.1339766, 374.2048952, 422181.6080, 0.840, NS
(23, 10), 1478.875039, 419.6204696, 738085.1289, 0.520, NS
(10, 25), 847.9444624, 574.8997952, 439374.9416, 0.100, NS
(17, 28), 819.4563691, 546.5595395, 419152.6860, 0.280, NS
(16, 3), 1080.773654, 429.4899778, 522061.9513, 0.840, NS
(5, 1), 1116.519905, 467.2948086, 548328.6004, 0.630, NS
(24, 6), 844.6288591, 484.256642, 424828.2018, 0.450, NS
(29, 7), 969.7063977, 606.5138173, 460858.9618, 0.950, NS
(24, 19), 1187.197653, 531.3710362, 581585.2517, 0.800, NS
(12, 1), 981.1563043, 335.0084146, 508814.2507, 0.030, HH
(31, 35), 713.3379027, 606.320422, 324216.4834, 1.000, NS
(32, 11), 922.4138443, 510.7294182, 460943.1248, 0.390, NS
(34, 5), 1293.331817, 417.5695298, 686135.9549, 0.040, HH
(12, 18), 705.1856462, 467.5709325, 359085.8647, 0.180, NS
(28, 6), 973.5911099, 351.7839185, 492856.5023, 0.410, NS
(29, 31), 1059.074609, 520.9100954, 515205.1899, 0.820, NS
(24, 36), 1228.512223, 395.047104, 593803.5015, 0.850, NS
(13, 33), 590.0058947, 297.4124799, 306498.7910, 0.050, NS
(1, 7), 784.3352671, 668.5513457, 387831.0853, 0.710, NS
(6, 19), 1184.888901, 431.5371664, 645808.4547, 0.000, NS
(20, 16), 1055.659502, 540.6650488, 531046.0898, 0.500, NS
(27, 15), 1146.704608, 539.1189371, 540964.7177, 0.970, NS
(28, 5), 1190.722606, 578.0493742, 587515.0688, 0.680, NS
(17, 23), 801.1295026, 451.3689042, 413312.3700, 0.200, NS
(24, 14), 475.6401515, 567.801444, 227573.1211, 0.960, NS
(2, 15), 866.1996294, 478.11429, 439381.5211, 0.350, NS
(36, 29), 1417.150822, 362.780923, 726397.4633, 0.180, NS
(26, 30), 1022.979391, 479.1562735, 481057.3303, 0.940, NS
(14, 27), 853.7235285, 532.0548138, 444721.5642, 0.070, NS
(15, 33), 1046.313091, 300.6911076, 479151.5730, 1.000, NS
(31, 29), 1148.151795, 453.8880431, 535720.1617, 0.990, NS
(12, 32), 1411.14461, 420.8974417, 650742.6853, 1.000, NS
(36, 4), 970.1054005, 518.9197353, 499800.0540, 0.160, NS
(24, 20), 1455.928328, 448.3775997, 682106.7306, 1.000, NS
(12, 30), 1019.892036, 340.5269989, 490596.6612, 0.960, NS
(14, 7), 951.3671979, 549.7986871, 491690.7460, 0.040, HH
(5, 16), 1543.733416, 530.6214405, 787085.9977, 0.270, NS
(22, 12), 941.5124013, 617.689211, 488021.6025, 0.100, NS
(24, 37), 727.8223308, 465.0704866, 357578.4060, 0.720, NS
(36, 14), 1122.459488, 337.4219375, 556849.8719, 0.500, NS
(22, 1), 1252.572291, 533.9153921, 658588.3272, 0.030, HH
(11, 23), 868.6160893, 465.7518143, 436145.1797, 0.490, NS
(5, 35), 1067.824501, 412.3609929, 550450.2504, 0.180, NS
(17, 25), 708.0954356, 348.9513994, 360695.9775, 0.310, NS
(37, 20), 1017.16258, 503.1213136, 496410.7183, 0.690, NS
(26, 36), 1348.335197, 412.3147046, 669941.9953, 0.580, NS
(36, 30), 660.8051317, 436.318846, 326420.6821, 0.670, NS
(12, 17), 583.215246, 218.1866169, 278329.6348, 0.940, NS
(2, 17), 933.1130302, 521.5234864, 466828.5353, 0.470, NS
(14, 34), 989.2210653, 520.3103089, 514420.9417, 0.050, NS
(22, 24), 1081.164663, 596.6010905, 527798.5510, 0.760, NS
(13, 6), 1094.801606, 560.3827901, 554992.1841, 0.260, NS
(37, 16), 865.3348625, 522.4374314, 448848.5398, 0.160, NS
(31, 27), 1059.899169, 423.036059, 525712.9278, 0.680, NS
(33, 26), 1129.724951, 535.5964712, 549144.2154, 0.790, NS
(26, 23), 907.9032659, 511.2306383, 479416.8733, 0.100, NS
(16, 1), 621.446844, 608.3122445, 314479.8090, 0.370, NS
(16, 26), 776.488547, 519.9173839, 381352.9794, 0.760, NS
(21, 15), 683.5251254, 387.8164267, 342462.3478, 0.400, NS
(6, 36), 838.960244, 688.8767458, 435786.0173, 0.120, NS
(11, 2), 785.4196938, 551.7556353, 401381.4205, 0.160, NS
(25, 25), 1243.727076, 589.0160568, 634997.5771, 0.330, NS
(6, 9), 1012.930139, 343.9090026, 504894.9878, 0.650, NS
(5, 12), 1136.553174, 361.6764259, 570441.8312, 0.420, NS
(19, 15), 950.6736185, 441.0569504, 477710.7100, 0.430, NS
(2, 12), 747.7370135, 628.7692024, 369167.6700, 0.710, NS
(24, 24), 1100.17415, 359.4092088, 541974.9916, 0.640, NS
(18, 5), 741.444239, 481.468055, 381894.2519, 0.170, NS
(29, 5), 1054.2117, 404.8838244, 487589.4405, 1.000, NS
(27, 6), 888.4096741, 403.3876271, 442368.9438, 0.630, NS
(10, 7), 1108.570962, 570.7464709, 553699.3104, 0.500, NS
(7, 34), 1205.439315, 606.8001549, 680596.2434, 0.000, NS
(24, 27), 956.8630618, 486.5504728, 468207.4751, 0.840, NS
(35, 20), 1122.367754, 388.5433031, 600984.3199, 0.010, HH
(12, 15), 1050.401379, 572.2466435, 526931.2490, 0.500, NS
(33, 36), 873.1736136, 405.1666294, 399722.3816, 0.980, NS
(4, 19), 840.7296579, 551.9905908, 423407.3698, 0.410, NS
(31, 4), 1289.620685, 344.5895012, 622692.4213, 0.830, NS
(11, 8), 654.7960439, 635.3205016, 324701.6140, 0.650, NS
(3, 23), 933.7687631, 468.1224098, 487172.1168, 0.120, NS
(25, 7), 1051.723826, 527.5256419, 559757.8974, 0.030, HH
(14, 22), 1226.785066, 515.9369145, 606315.3419, 0.760, NS
(1, 33), 846.6901795, 492.6905774, 441543.5920, 0.100, NS
(14, 3), 913.6727064, 341.3207754, 452118.3081, 0.590, NS
(8, 7), 907.6140564, 430.7466734, 444140.0751, 0.820, NS
(32, 12), 834.2233732, 398.1377594, 419530.9777, 0.470, NS
(22, 26), 1040.069907, 530.5866063, 525269.7243, 0.490, NS
(29, 22), 994.0194492, 478.3971685, 506360.4538, 0.240, NS
(31, 18), 859.8888186, 373.0619208, 441153.9363, 0.190, NS
(10, 5), 1003.792383, 411.7998496, 527345.4821, 0.060, NS
(33, 9), 1244.580007, 452.4106242, 623420.5818, 0.540, NS
(23, 36), 554.1437691, 600.3747581, 276138.1942, 0.490, NS
(23, 5), 940.8325074, 411.6740599, 498085.6703, 0.070, NS
(31, 30), 623.594171, 555.6490026, 313996.0076, 0.440, NS
(32, 28), 1014.433035, 386.148366, 512016.4093, 0.280, NS
(4, 7), 1377.25013, 487.2701517, 714264.6361, 0.100, NS
(11, 10), 1206.71276, 386.66982, 583335.1240, 0.900, NS
(37, 11), 933.6241077, 580.1323914, 477524.4562, 0.270, NS
(1, 36), 956.7199728, 501.6610189, 489247.3768, 0.360, NS
(23, 9), 1034.821065, 353.98946, 518273.3982, 0.500, NS
(17, 5), 1523.835263, 536.7760425, 796803.5332, 0.050, NS
(7, 35), 755.9253483, 487.5785082, 406284.9461, 0.000, NS
(31, 12), 897.6887197, 756.1281696, 425054.3681, 1.000, NS
(22, 23), 1175.989944, 565.029934, 598980.2484, 0.270, NS
(21, 16), 1120.914588, 724.7805621, 555250.5157, 0.660, NS
(10, 32), 738.3093221, 499.427625, 367367.4456, 0.590, NS
(18, 3), 1357.662144, 250.1344543, 686605.0259, 0.360, NS
(7, 28), 1169.55773, 330.1458762, 620004.4469, 0.000, NS
(4, 16), 1279.499392, 622.5559337, 637395.5203, 0.580, NS
(28, 7), 1231.484159, 650.5292129, 609463.1840, 0.710, NS
(18, 7), 702.8732739, 437.1659944, 364069.4743, 0.070, NS
(3, 19), 897.0586363, 720.3870903, 448676.8550, 0.470, NS
(10, 33), 880.4192585, 442.9970166, 456105.8524, 0.070, NS
(27, 24), 1343.289629, 396.6784929, 665440.8362, 0.570, NS
(9, 16), 808.5077734, 451.3848836, 387208.9021, 0.970, NS
(24, 13), 1067.676313, 560.6316713, 541539.2190, 0.270, NS
(36, 24), 815.4448194, 363.4823441, 398663.9090, 0.700, NS
(18, 31), 1046.096778, 536.5017675, 530022.5724, 0.240, NS
(26, 28), 620.8423988, 590.7658746, 326930.8072, 0.050, NS
(18, 26), 1020.930385, 604.951764, 509984.4131, 0.500, NS
(2, 10), 1169.973059, 687.6241964, 593785.5495, 0.300, NS
(31, 15), 1048.033511, 391.9208301, 530980.8947, 0.370, NS
(15, 26), 938.4486778, 485.0597245, 475706.8454, 0.300, NS
(9, 9), 1089.1411, 467.4985846, 531147.7466, 0.860, NS
(21, 23), 842.7595541, 531.6846924, 408063.0075, 0.780, NS
(33, 24), 1057.166211, 501.6151351, 536146.5725, 0.300, NS
(11, 26), 1009.066791, 436.2485503, 513424.2371, 0.270, NS
(10, 26), 1085.962378, 551.9211285, 521253.8272, 0.920, NS
(2, 35), 891.7323528, 533.0877629, 432535.7454, 0.840, NS
(30, 12), 1125.490892, 536.9071217, 556467.0623, 0.610, NS
(31, 37), 1510.967852, 557.1640916, 749990.0927, 0.610, NS
(31, 3), 986.194923, 503.10305, 487168.2108, 0.630, NS
(11, 16), 938.4588756, 391.2663549, 456158.8236, 0.910, NS
(26, 24), 869.4771456, 478.4357132, 439040.8518, 0.340, NS
(21, 24), 1015.489379, 373.2368806, 508170.9198, 0.440, NS
(11, 33), 765.4437874, 459.5041075, 363120.6900, 0.950, NS
(22, 18), 915.9637292, 471.4335138, 447484.9995, 0.820, NS
(14, 36), 485.4013568, 428.8335629, 234786.8074, 0.890, NS
(12, 28), 861.6627115, 530.9956841, 418386.0656, 0.870, NS
(36, 13), 1018.824446, 731.7344368, 530279.7845, 0.060, NS
(1, 3), 1351.720023, 541.6553479, 660493.0813, 0.720, NS
(26, 8), 1055.595516, 609.209825, 494835.3524, 0.940, NS
(24, 26), 966.0893066, 625.1970953, 480117.6356, 0.540, NS
(11, 20), 1164.14677, 635.7311598, 554533.2274, 0.960, NS
(16, 28), 513.9492108, 605.4028603, 252383.3403, 0.810, NS
(15, 1), 1381.643256, 434.4268568, 693508.7487, 0.420, NS
(23, 11), 862.2694011, 621.4691794, 431353.3056, 0.480, NS
(9, 29), 1344.051506, 577.0040449, 643270.7363, 0.950, NS
(22, 34), 768.8547334, 415.1763622, 385460.7502, 0.520, NS
(24, 25), 1177.930042, 471.3196671, 574596.3011, 0.780, NS
(22, 29), 1019.674465, 450.1503782, 520556.3940, 0.380, NS
(30, 35), 1272.660603, 646.5987241, 640508.9784, 0.450, NS
(6, 11), 1077.115685, 691.8364363, 535778.8039, 0.530, NS
(35, 3), 756.3992678, 419.5026736, 357551.7973, 0.910, NS
(19, 24), 1005.886942, 424.8889673, 506505.9775, 0.340, NS
(2, 9), 932.0414292, 473.8745855, 463787.0373, 0.510, NS
(8, 31), 1139.001335, 426.6158565, 573409.0121, 0.500, NS
(19, 35), 953.8343434, 529.3296643, 490056.3542, 0.140, NS
(27, 36), 975.2251688, 442.5318768, 513183.3686, 0.020, HH
(13, 16), 879.6912512, 530.9726355, 436796.9974, 0.580, NS
(30, 31), 1131.197717, 421.8860711, 570873.6584, 0.430, NS
(22, 16), 990.5587537, 594.9803979, 499628.3412, 0.350, NS
(35, 12), 1034.95463, 450.6769503, 492688.9642, 0.940, NS
(35, 36), 1281.167101, 407.5284337, 605586.1546, 0.880, NS
(16, 18), 625.1023457, 569.8949965, 303510.6405, 0.890, NS
(37, 35), 989.1532185, 478.0421158, 478739.0062, 0.820, NS
(29, 23), 994.6439981, 480.1919401, 508688.5718, 0.280, NS
(5, 32), 1093.304246, 452.1741453, 569457.1643, 0.120, NS
(24, 3), 866.9245221, 483.926709, 430983.1981, 0.510, NS
(24, 16), 994.1471477, 599.5061945, 500881.6688, 0.420, NS
(6, 3), 1183.857333, 463.5921005, 596460.0586, 0.460, NS
(9, 6), 951.1784214, 528.9035729, 481407.2117, 0.280, NS
(19, 26), 1027.570904, 469.1433373, 516033.0418, 0.460, NS
(6, 35), 1239.646459, 524.3608576, 644218.8694, 0.070, NS
(5, 2), 635.8699847, 513.2189046, 323556.7940, 0.360, NS
(16, 19), 812.3597773, 411.9249594, 404118.3102, 0.510, NS
(2, 21), 923.5950864, 518.6934847, 442919.4959, 0.850, NS
(27, 19), 1069.50332, 453.6598874, 561862.1464, 0.100, NS
(3, 16), 1397.944097, 568.3126553, 694688.0527, 0.590, NS
(19, 12), 796.586549, 278.3725145, 393570.4738, 0.630, NS
(6, 33), 890.9385065, 616.9882216, 478744.9616, 0.000, NS
(17, 33), 1237.986098, 472.6056289, 623995.8585, 0.510, NS
(6, 24), 1207.008183, 511.5519652, 592652.5015, 0.650, NS
(6, 10), 1151.611507, 499.5199156, 551926.0788, 0.940, NS
(21, 14), 934.6798543, 631.5969114, 464242.7291, 0.540, NS
(37, 37), 1183.825412, 249.393696, 596887.2843, 0.390, NS
(22, 5), 1166.696923, 559.3926566, 590477.9373, 0.380, NS
(35, 25), 1443.444817, 573.7617087, 721279.3360, 0.550, NS
(6, 31), 1011.233111, 718.072395, 516143.0967, 0.200, NS
(11, 29), 974.8036977, 455.343137, 483494.9424, 0.540, NS
(5, 23), 1044.53925, 601.261773, 551637.3466, 0.150, NS
(12, 3), 715.8765495, 420.9153518, 359079.4701, 0.490, NS
(23, 12), 693.8312108, 558.8000561, 353148.9813, 0.260, NS
(27, 1), 971.8689461, 664.5408923, 472629.1373, 0.850, NS
(7, 12), 973.3221456, 476.9587961, 498969.8500, 0.130, NS
(32, 27), 1102.07291, 638.4337394, 556814.2162, 0.280, NS
(7, 33), 1198.327285, 409.9669253, 617422.0206, 0.140, NS
(24, 23), 824.7104772, 576.1687043, 413623.7454, 0.440, NS
(2, 1), 757.0556164, 590.0253882, 366039.9834, 0.840, NS
(37, 1), 888.7825895, 347.5395481, 455380.8657, 0.220, NS
(37, 29), 966.6195793, 333.389958, 480180.5968, 0.660, NS
(28, 12), 848.5609973, 356.4990361, 426159.1372, 0.400, NS
(11, 37), 670.2099077, 504.5834609, 328689.9005, 0.760, NS
(5, 6), 1332.904753, 432.3614041, 676931.1634, 0.490, NS
(10, 6), 656.0338565, 610.5256135, 336711.8138, 0.140, NS
(27, 20), 903.9946867, 386.5215972, 428656.0653, 0.970, NS
(25, 11), 977.4594535, 537.9815509, 493325.1150, 0.350, NS
(29, 16), 1259.995778, 346.1647421, 643549.9465, 0.260, NS
(25, 34), 1041.728608, 649.5171725, 559834.5294, 0.020, HH
(15, 2), 1091.532207, 590.5470469, 548570.5338, 0.370, NS
(23, 15), 1033.788649, 484.1398497, 512247.6630, 0.590, NS
(24, 34), 911.2435303, 553.0480925, 460871.8969, 0.360, NS
(19, 22), 835.8743667, 648.7544726, 407847.0975, 0.890, NS
(9, 31), 464.1427074, 458.5504232, 225457.1521, 0.850, NS
(12, 12), 1112.615732, 396.1485161, 534691.8312, 0.910, NS
(26, 2), 869.7203286, 466.8595922, 438435.2362, 0.410, NS
(22, 33), 965.5057759, 565.5380667, 473323.1421, 0.700, NS
(36, 7), 750.8568431, 418.8289042, 387515.5804, 0.110, NS
(16, 14), 942.6201342, 616.3820009, 475895.5937, 0.360, NS
(35, 27), 735.4349999, 438.2635833, 367633.7551, 0.590, NS
(24, 30), 959.8404738, 586.1151735, 474831.5358, 0.610, NS
(36, 34), 1101.170388, 474.7092589, 544051.1087, 0.690, NS
(12, 34), 1031.844229, 608.646287, 524507.2509, 0.310, NS
(35, 26), 888.9927609, 478.0391754, 437085.2146, 0.720, NS
(30, 6), 902.7511958, 669.0601391, 453583.8022, 0.450, NS
(24, 1), 1004.933847, 551.9497585, 485887.7816, 0.870, NS
(27, 14), 995.7063635, 410.7096096, 472402.9852, 1.000, NS
(16, 29), 1048.633289, 281.2991069, 534923.0687, 0.360, NS
(35, 19), 678.5276121, 570.0236584, 316683.5688, 0.940, NS
(34, 36), 997.8893692, 547.3048418, 491081.8751, 0.720, NS
(37, 6), 1302.280594, 580.7118851, 654160.7901, 0.470, NS
(23, 17), 917.0637854, 487.3470495, 475200.5981, 0.100, NS
(7, 26), 1074.133667, 516.2229477, 547090.4941, 0.290, NS
(6, 18), 1568.861839, 441.0216292, 769852.0903, 0.660, NS
(31, 2), 995.0834107, 508.447492, 509921.0652, 0.140, NS
(4, 25), 990.7654773, 509.9398111, 487498.4885, 0.660, NS
(18, 6), 1013.439299, 687.4306587, 508423.8539, 0.460, NS
(15, 27), 1017.462077, 385.781168, 511127.5819, 0.410, NS
(13, 27), 812.9089576, 369.3331801, 408374.9669, 0.470, NS
(17, 12), 666.4617794, 388.0556758, 342843.8432, 0.180, NS
(1, 35), 944.3142311, 578.7831311, 489283.7753, 0.250, NS
(25, 29), 1125.68421, 510.3450987, 553060.6842, 0.650, NS
(24, 18), 1313.375035, 390.7453525, 641839.3611, 0.770, NS
(23, 27), 781.6742121, 349.9134302, 378514.6185, 0.850, NS
(20, 7), 1028.211505, 554.098981, 532924.4922, 0.120, NS
(23, 21), 1072.18469, 451.9741967, 501066.8020, 0.970, NS
(21, 27), 1005.730212, 285.0946677, 488836.4122, 0.840, NS
(13, 25), 759.9522248, 671.3659976, 389282.4339, 0.180, NS
(17, 4), 960.9337968, 547.0712141, 485500.5021, 0.340, NS
(11, 19), 758.8149992, 428.238171, 367230.4043, 0.900, NS
(9, 5), 1193.357266, 463.2891757, 591155.8981, 0.580, NS
(9, 14), 1262.732755, 473.5645902, 634198.4764, 0.450, NS
(14, 35), 1353.643087, 485.7148008, 678973.8011, 0.530, NS
(24, 9), 1077.226365, 413.7897929, 534906.7268, 0.600, NS
(7, 25), 898.28693, 374.7731449, 475850.0968, 0.050, NS
(4, 11), 801.9361315, 389.445259, 404635.9545, 0.370, NS
(14, 23), 1246.250101, 588.2754841, 621511.5300, 0.570, NS
(28, 25), 975.6796961, 465.476371, 509539.2383, 0.090, NS
(29, 3), 760.8900943, 563.3026672, 385511.2807, 0.350, NS
(25, 22), 1073.484813, 529.6921615, 542786.5018, 0.350, NS
(6, 1), 1136.969045, 433.5856903, 557148.4353, 0.670, NS
(15, 32), 582.763194, 490.1075292, 274795.1313, 0.990, NS
(31, 11), 1091.099043, 417.1706643, 504409.8072, 0.990, NS
(2, 25), 873.3702286, 390.6511689, 415207.6244, 0.900, NS
(24, 12), 1476.637257, 459.2773459, 743406.7195, 0.380, NS
(19, 25), 1300.447529, 371.2740447, 655199.7044, 0.450, NS
(37, 34), 920.1408242, 535.2127812, 443558.1732, 0.840, NS
(16, 7), 1006.407237, 664.9321267, 516391.2843, 0.160, NS
(11, 32), 1029.390016, 608.8623764, 490844.3799, 0.980, NS
(21, 34), 1167.20101, 587.487065, 577059.0912, 0.600, NS
(34, 33), 996.43075, 444.8051648, 474138.5423, 0.950, NS
(15, 8), 657.155915, 541.7064083, 319912.0047, 0.870, NS
(18, 22), 972.2265315, 617.1060234, 481862.1031, 0.690, NS
(24, 22), 655.8536103, 410.112883, 322556.8577, 0.740, NS
(1, 4), 1195.402226, 561.6951959, 591189.4805, 0.660, NS
(36, 33), 1052.457545, 423.495163, 526265.7786, 0.490, NS
(30, 25), 963.4892609, 410.7756025, 484933.6195, 0.400, NS
(23, 19), 851.723944, 420.1564792, 442146.2458, 0.190, NS
(19, 13), 856.3271438, 530.6799218, 435038.1025, 0.270, NS
(37, 13), 976.4256847, 559.3892787, 506666.2612, 0.100, NS
(5, 29), 914.1590822, 354.758122, 440606.5317, 0.880, NS
(29, 32), 1035.377495, 421.7383726, 521168.4552, 0.410, NS
(5, 3), 893.846397, 515.7409537, 454879.2438, 0.370, NS
(8, 19), 995.3232639, 424.9835432, 476191.5713, 0.840, NS
(33, 28), 981.6440246, 669.1394892, 456594.3631, 1.000, NS
(26, 20), 1089.961494, 558.9432379, 519670.9180, 0.890, NS
(19, 36), 681.0598579, 488.3066339, 341850.0821, 0.530, NS
(19, 5), 692.142248, 409.0223514, 343892.4407, 0.560, NS
(19, 14), 936.5660301, 497.4557144, 481756.1053, 0.120, NS
(9, 28), 1014.997269, 473.0595412, 475840.8566, 1.000, NS
(29, 11), 1199.432555, 521.6395089, 590222.9091, 0.720, NS
(8, 23), 1042.084552, 388.8573601, 504189.1268, 0.760, NS
(37, 36), 688.763089, 490.8224359, 335753.9180, 0.820, NS
(25, 30), 1072.909544, 378.614772, 502673.9067, 0.960, NS
(11, 13), 1176.6213, 603.1486757, 587707.9190, 0.490, NS
(33, 30), 1013.220009, 390.9742931, 504699.9660, 0.560, NS
(10, 34), 1067.819795, 557.4783553, 566247.0662, 0.030, HH
(21, 33), 660.6336724, 553.2680057, 313500.8647, 0.920, NS
(13, 31), 882.7388409, 434.4599363, 454831.2172, 0.120, NS
(32, 25), 797.1370037, 442.1861035, 422028.0553, 0.040, LL
(9, 27), 1149.903432, 462.3379109, 562709.0614, 0.850, NS
(37, 33), 749.621861, 469.4224664, 376463.3595, 0.450, NS
(36, 16), 1086.701306, 449.8185981, 556553.9341, 0.140, NS
(29, 12), 1068.263626, 367.791818, 532685.6936, 0.530, NS
(5, 9), 1139.829778, 360.0318136, 555494.2925, 0.850, NS
(35, 23), 863.6737025, 621.4986124, 395889.1451, 0.950, NS
(36, 2), 1042.535617, 413.7770854, 535524.9641, 0.130, NS
(12, 31), 858.823595, 551.8782931, 417395.6933, 0.820, NS
(5, 28), 755.7149065, 557.5882681, 379167.5205, 0.480, NS
(11, 11), 884.7839425, 528.4049145, 440603.1343, 0.530, NS
(14, 31), 1252.785132, 413.5102992, 640966.0944, 0.200, NS
(16, 10), 845.0695451, 400.7634732, 430171.6114, 0.280, NS
(32, 7), 1202.300616, 677.1383059, 613636.7037, 0.180, NS
(7, 23), 1272.997686, 573.7151745, 637460.4016, 0.490, NS
(14, 19), 832.6538671, 706.7023736, 411390.6388, 0.690, NS
(19, 33), 1163.946907, 427.4379935, 557354.0070, 0.920, NS
(12, 26), 998.8726221, 369.5490326, 489209.4933, 0.740, NS
(21, 2), 697.9267437, 387.7450624, 360505.8213, 0.120, NS
(36, 1), 897.715202, 676.3406534, 457555.5688, 0.230, NS
(26, 37), 1357.431284, 560.0719435, 634810.0000, 0.990, NS
(9, 35), 750.3832995, 410.550876, 369197.5694, 0.690, NS
(34, 25), 1185.10638, 620.1417909, 618882.9774, 0.100, NS
(31, 20), 961.6003168, 575.1655489, 473707.4477, 0.690, NS
(21, 3), 674.1320623, 543.0607877, 344657.6225, 0.240, NS
(2, 31), 930.0056773, 385.5368276, 459045.0986, 0.670, NS
(4, 34), 898.3822962, 527.4962749, 464215.6131, 0.160, NS
(23, 2), 606.3544819, 353.0703028, 300564.9890, 0.580, NS
(10, 11), 1120.444636, 493.4217092, 552199.5215, 0.700, NS
(27, 3), 723.9157864, 580.8202366, 359588.4951, 0.580, NS
(35, 18), 1202.971011, 595.4382359, 624785.0905, 0.080, NS
(12, 14), 1123.003039, 692.7511826, 573375.0480, 0.170, NS
(31, 7), 921.6501388, 353.9193792, 434246.3287, 0.970, NS
(11, 31), 961.9291109, 697.9101216, 488219.6440, 0.190, NS
(22, 22), 1306.507667, 508.1884712, 663871.5732, 0.260, NS
(12, 2), 1098.876803, 478.2115407, 555562.7480, 0.270, NS
(6, 7), 1106.127833, 488.1447499, 572221.7576, 0.080, NS
(12, 33), 1112.44808, 479.3713444, 509553.1918, 0.990, NS
(22, 3), 1143.846831, 612.2061657, 577708.6379, 0.390, NS
(33, 7), 1104.790396, 267.3157909, 538587.5370, 0.760, NS
(31, 26), 708.6625096, 371.6805499, 356913.5571, 0.310, NS
(3, 11), 860.3734097, 632.8644132, 439817.2728, 0.270, NS
(15, 20), 1000.587222, 656.4445039, 489707.9089, 0.720, NS
(18, 27), 966.3680117, 707.538398, 483355.8707, 0.480, NS
(34, 31), 1138.838105, 545.1888871, 585949.3129, 0.140, NS
(11, 3), 1299.061288, 405.3291602, 663885.0085, 0.270, NS
(23, 6), 784.6036588, 469.1416912, 396929.3467, 0.340, NS
(4, 4), 1467.865593, 529.6776394, 742924.5039, 0.350, NS
(5, 34), 737.2775519, 375.746489, 369494.1065, 0.510, NS
(12, 13), 1192.935102, 492.1519092, 585692.0512, 0.800, NS
(16, 24), 1221.364591, 652.7384864, 595294.6225, 0.820, NS
(27, 5), 849.833452, 571.6649213, 458075.3125, 0.020, LL
(5, 37), 852.5012848, 501.3436703, 399313.6393, 0.980, NS
(11, 28), 578.8951562, 544.9458547, 295942.4503, 0.170, NS
(16, 20), 1094.325604, 405.6653635, 537530.2594, 0.770, NS
(25, 32), 684.3251947, 511.0368095, 359259.4287, 0.080, NS
(19, 10), 1151.635375, 535.4698719, 588832.4715, 0.230, NS
(17, 31), 1240.216283, 489.4939504, 631475.4818, 0.280, NS
(21, 10), 733.4768406, 422.0630768, 367254.8031, 0.480, NS
(13, 32), 762.7905871, 452.0343997, 384167.0543, 0.540, NS
(26, 35), 1066.858588, 426.402147, 524597.2704, 0.630, NS
(2, 6), 995.102621, 635.0396152, 498502.1049, 0.470, NS
(33, 32), 1148.647899, 366.4264927, 540620.6524, 0.970, NS
(22, 19), 733.5189565, 580.9518362, 363656.5084, 0.590, NS
(21, 13), 949.3383882, 693.2518481, 492516.8248, 0.090, NS
(26, 14), 711.7793165, 404.2014647, 344158.5038, 0.850, NS
(6, 14), 1044.245293, 345.5124511, 513507.0125, 0.680, NS
(25, 27), 1474.530022, 427.2320506, 721991.9977, 0.720, NS
(22, 15), 848.6850701, 465.2531054, 416890.7776, 0.680, NS
(19, 18), 993.6711681, 280.4863133, 498056.4425, 0.460, NS
(35, 4), 778.3262804, 345.4032371, 380608.7894, 0.740, NS
(17, 16), 1145.504691, 450.8897208, 578574.8655, 0.460, NS
(21, 31), 1118.032231, 406.1424466, 561506.6409, 0.420, NS
(6, 27), 1289.779878, 685.6291789, 647583.7859, 0.450, NS
(19, 1), 970.0707294, 472.4311561, 504110.8712, 0.050, NS
(18, 25), 618.1550712, 390.4009396, 306378.4156, 0.600, NS
(26, 13), 976.7232099, 523.2853817, 470327.6105, 0.860, NS
(31, 9), 1057.835054, 606.3292909, 525353.6756, 0.610, NS
(2, 18), 1200.562959, 443.694687, 594524.2444, 0.530, NS
(15, 17), 909.1907305, 557.6516082, 434398.9433, 0.970, NS
(27, 25), 973.927395, 529.370779, 486972.2469, 0.560, NS
(15, 4), 1174.106919, 475.8800823, 611516.9061, 0.100, NS
(9, 8), 1091.702485, 481.0222816, 541582.9282, 0.620, NS
(9, 11), 1499.977411, 491.946168, 715562.6843, 0.980, NS
(15, 5), 861.1727346, 759.2683093, 454818.5223, 0.080, NS
(23, 22), 1159.397154, 602.0945998, 584689.9529, 0.340, NS
(31, 13), 1415.149324, 398.2976723, 694092.6241, 0.820, NS
(29, 26), 980.1315593, 532.0117228, 484251.0671, 0.630, NS
(36, 36), 1293.060564, 545.3497026, 647772.7340, 0.540, NS
(37, 23), 1083.210391, 332.5761556, 549309.4447, 0.350, NS
(7, 36), 1167.727307, 632.6086335, 600469.4296, 0.190, NS
(2, 13), 1123.128046, 387.0513519, 565660.4393, 0.410, NS
(19, 7), 607.5896472, 527.70062, 305425.2424, 0.440, NS
(25, 21), 993.839688, 326.2320563, 463538.1151, 0.960, NS
(35, 33), 1260.455619, 525.6958173, 584464.4676, 0.950, NS
(17, 35), 1348.959892, 555.4737435, 663391.6997, 0.750, NS
(22, 21), 919.251213, 419.2838333, 456051.7551, 0.620, NS
(9, 2), 1023.08236, 449.8475122, 509271.2732, 0.550, NS
(9, 20), 1176.613133, 461.3053402, 597005.5093, 0.250, NS
(2, 5), 1355.461809, 680.1897033, 664930.7119, 0.530, NS
(30, 27), 1224.980871, 434.9037952, 610592.1402, 0.520, NS
(35, 37), 679.6965274, 495.3665287, 342934.6583, 0.420, NS
(32, 26), 912.91439, 637.1124458, 458720.2764, 0.420, NS
(26, 25), 716.923532, 480.1839592, 374488.3855, 0.150, NS
(3, 36), 816.6441756, 631.9518684, 394118.6354, 0.800, NS
(5, 4), 1110.675152, 642.2074782, 563505.2806, 0.370, NS
(6, 4), 873.4019401, 586.54957, 448270.2353, 0.260, NS
(3, 25), 1217.897178, 522.3918188, 617423.6740, 0.350, NS
(32, 23), 969.8281394, 416.1681751, 491080.1112, 0.410, NS
(36, 35), 1182.827036, 493.637456, 594440.4043, 0.490, NS
(5, 19), 1302.199207, 517.0484092, 700801.1578, 0.030, HH
(17, 6), 763.8775994, 542.5657629, 388458.7855, 0.260, NS
(4, 35), 1097.643691, 444.7997162, 547116.6467, 0.630, NS
(19, 31), 1038.976115, 606.8442272, 514857.7254, 0.640, NS
(12, 24), 774.9586674, 373.414009, 391715.1586, 0.320, NS
(14, 12), 1155.405455, 584.2520779, 569596.3566, 0.730, NS
(2, 11), 885.9097042, 465.7897548, 426735.1968, 0.880, NS
(37, 19), 1195.666336, 532.3834079, 605972.2292, 0.330, NS
(9, 30), 1512.296479, 400.3597521, 736174.2534, 0.840, NS
(37, 12), 1000.150379, 554.9727303, 531570.2089, 0.020, HH
(20, 33), 677.0952982, 291.2873987, 329372.8109, 0.800, NS
(35, 13), 1106.282262, 503.2484525, 520012.2232, 0.960, NS
(2, 29), 976.6493547, 397.2347887, 464919.7165, 0.910, NS
(2, 14), 892.7961827, 549.6457163, 439853.5401, 0.700, NS
(7, 19), 1148.535884, 607.6384989, 588629.3085, 0.200, NS
(16, 27), 801.7657276, 578.1235766, 396414.0002, 0.780, NS
(29, 34), 1169.926275, 499.346047, 559400.1402, 0.910, NS
(37, 4), 833.5495067, 716.7384413, 425543.9597, 0.350, NS
(19, 16), 603.5234748, 447.7694655, 287240.6895, 0.950, NS
(8, 6), 1258.031236, 596.8326143, 623583.4430, 0.530, NS
(4, 31), 981.941317, 504.6229315, 499833.0590, 0.340, NS
(3, 3), 889.9081533, 703.847497, 445561.0569, 0.400, NS
(5, 17), 1150.217534, 485.8239917, 582355.2887, 0.300, NS
(11, 9), 872.8851466, 421.2655517, 433504.8510, 0.650, NS
(11, 22), 1255.503751, 488.8529077, 626013.7225, 0.580, NS
(28, 19), 1127.918392, 725.9106559, 596134.8467, 0.040, HH
(23, 24), 613.2455036, 513.7745911, 289193.8135, 0.930, NS
(16, 25), 1097.996395, 371.0434769, 551182.9914, 0.520, NS
(9, 25), 858.0119105, 522.8475789, 421305.5950, 0.710, NS
(22, 30), 695.05402, 504.3590321, 353124.5615, 0.360, NS
(1, 5), 951.7551112, 501.4188849, 467600.6652, 0.720, NS
(33, 12), 999.5437132, 479.2124634, 468112.1006, 0.990, NS
(19, 27), 1234.485066, 466.3141899, 615555.4401, 0.600, NS
(6, 30), 850.661243, 409.2482965, 413122.8339, 0.870, NS
(19, 9), 418.4361558, 456.2079738, 210935.1845, 0.430, NS
(37, 2), 1085.203323, 626.3090074, 564886.6236, 0.150, NS
(15, 15), 983.8068332, 523.234319, 475598.7952, 0.900, NS
(33, 13), 1525.847432, 429.3259039, 726552.3850, 0.950, NS
(18, 34), 1103.880802, 544.2989249, 556974.6071, 0.350, NS
(8, 11), 1122.975285, 575.8395348, 557503.6829, 0.630, NS
(21, 20), 1045.31159, 632.9321555, 511527.8118, 0.670, NS
(28, 28), 1001.471984, 555.3170858, 510042.7791, 0.210, NS
(25, 2), 748.5081409, 557.6083947, 363817.5232, 0.800, NS
(21, 9), 999.2174973, 581.7879543, 494421.4596, 0.620, NS
(19, 23), 779.3042319, 386.6068403, 390710.2592, 0.520, NS
(33, 22), 887.1318584, 380.5392538, 418020.0334, 1.000, NS
(13, 22), 989.7010003, 340.0538698, 506782.9102, 0.140, NS
(19, 29), 864.7908745, 517.9161497, 441826.8738, 0.240, NS
(33, 23), 1103.044229, 376.0471202, 530466.8900, 0.870, NS
(25, 13), 723.9765961, 560.5667725, 359810.2998, 0.510, NS
(18, 11), 1116.852888, 761.9466351, 579304.9179, 0.030, HH
(33, 33), 862.7533626, 556.7261063, 399179.2741, 0.990, NS
(5, 15), 1250.750367, 379.3243075, 574953.5540, 0.990, NS
(3, 12), 1181.780191, 435.3102762, 603100.2028, 0.270, NS
(37, 26), 1149.714939, 493.0637537, 575456.1283, 0.490, NS
(4, 36), 822.6091626, 347.8014385, 384230.3360, 0.940, NS
(30, 36), 707.3887365, 651.6431639, 357658.5846, 0.380, NS
(36, 6), 1248.400407, 443.0115299, 630891.6784, 0.370, NS
(2, 19), 1135.090913, 496.0813808, 561233.4543, 0.670, NS
(30, 3), 1021.977188, 581.2979416, 504211.1160, 0.650, NS
(13, 5), 677.6806435, 536.4109001, 346455.4817, 0.240, NS
(3, 35), 1041.174613, 394.2633312, 529329.8381, 0.490, NS
(5, 30), 1032.588705, 482.2281572, 481927.6238, 0.950, NS
(6, 25), 976.7637117, 454.4294182, 508628.0466, 0.150, NS
(15, 11), 708.8344815, 541.3840001, 354840.7295, 0.490, NS
(11, 17), 1013.912936, 584.0937521, 507299.6429, 0.480, NS
(24, 28), 644.7849197, 551.9275443, 314095.3196, 0.810, NS
(25, 12), 1237.581422, 442.114918, 628137.6100, 0.230, NS
(15, 18), 1046.175817, 591.6636188, 523677.5187, 0.430, NS
(7, 7), 1151.408796, 693.2631708, 620977.0344, 0.000, NS
(28, 36), 1048.359829, 522.2394666, 543782.3168, 0.130, NS
(8, 27), 1051.456751, 544.0565708, 521380.5727, 0.570, NS
(23, 16), 905.5914894, 463.6322951, 461315.4023, 0.280, NS
(2, 28), 877.6025334, 513.6158837, 405285.1041, 0.990, NS
(29, 6), 715.9927671, 411.3437699, 361518.1465, 0.340, NS
(11, 15), 805.4697878, 247.1803597, 385083.7201, 0.920, NS
(7, 3), 1028.940417, 420.8590539, 511106.0495, 0.580, NS
(15, 34), 1006.719038, 493.1955148, 538938.2906, 0.010, HH
(32, 35), 1186.695721, 412.6537124, 625075.9677, 0.050, NS
(21, 30), 931.8312782, 468.348121, 473653.8882, 0.320, NS
(9, 24), 956.1601198, 314.8946983, 502860.4111, 0.010, HH
(28, 35), 1204.920074, 605.8406497, 620842.1259, 0.110, NS
(19, 19), 716.350248, 611.3832748, 340612.7297, 0.970, NS
(32, 4), 1154.014239, 524.6271669, 594929.4413, 0.100, NS
(28, 34), 896.2368441, 418.1954038, 463523.8558, 0.110, NS
(36, 11), 957.4130815, 416.0822819, 493892.0607, 0.100, NS
(27, 37), 1315.931709, 401.9742676, 632305.9149, 0.950, NS
(24, 29), 980.5580618, 330.5563641, 481603.2771, 0.720, NS
(12, 7), 833.3387101, 453.6174542, 421478.3915, 0.320, NS
(34, 19), 963.1309535, 532.8553881, 466307.4031, 0.890, NS
(21, 11), 981.4489301, 472.4286716, 512927.6495, 0.070, NS
(8, 12), 826.0948512, 482.8205953, 403877.7761, 0.770, NS
(10, 23), 1012.665604, 596.5529864, 522603.6015, 0.200, NS
(18, 28), 1421.604893, 434.5570733, 724098.6542, 0.240, NS
(16, 21), 847.2674065, 532.4595979, 403645.3597, 0.950, NS
(36, 23), 1190.856733, 530.6770125, 598833.6274, 0.460, NS
(28, 16), 878.4314566, 690.5971963, 443858.8336, 0.350, NS
(1, 26), 1006.587493, 585.5195237, 493677.4530, 0.780, NS
(25, 6), 1054.372108, 464.6469945, 521698.0602, 0.680, NS
(35, 7), 768.9936701, 523.5005693, 387810.1919, 0.440, NS
(19, 2), 1000.062683, 562.7134897, 503739.6764, 0.380, NS
(6, 26), 1205.095412, 726.5230921, 622420.0245, 0.150, NS
(21, 26), 830.5355653, 348.4019211, 408920.3551, 0.670, NS
(16, 23), 854.6992246, 642.950948, 422905.3798, 0.570, NS
(16, 22), 858.1537921, 326.5319098, 416007.3314, 0.880, NS
(21, 32), 629.191032, 528.3215392, 310410.9098, 0.760, NS
(12, 5), 1417.285689, 497.8161851, 698931.1829, 0.670, NS
(33, 5), 926.3019611, 406.6884777, 439375.2965, 0.860, NS
(6, 15), 1054.682315, 347.2974331, 500975.8307, 0.980, NS
(11, 34), 1082.598258, 449.2318227, 581927.0018, 0.010, HH
(19, 3), 1001.429894, 437.3099476, 505173.9777, 0.460, NS
(1, 28), 1149.611942, 609.4326064, 563164.0432, 0.780, NS
(16, 34), 1215.588576, 433.4017074, 627508.2931, 0.160, NS
(20, 26), 949.1978175, 255.7406555, 461136.8338, 0.740, NS
(26, 32), 923.7622325, 511.0484732, 463616.0300, 0.530, NS
(23, 13), 1065.075903, 619.6708293, 547234.4638, 0.180, NS
(26, 22), 872.1410698, 555.7295319, 454225.0177, 0.110, NS
(7, 32), 1220.165497, 479.8371348, 628776.5458, 0.120, NS
(5, 10), 1054.926645, 364.6120404, 486757.7254, 1.000, NS
(6, 20), 892.3680485, 577.4979885, 425038.1156, 0.910, NS
(24, 4), 1219.712644, 694.5814442, 604431.0847, 0.620, NS
(12, 35), 1231.307277, 631.6282864, 600002.3384, 0.750, NS
(33, 15), 1237.076627, 524.7243989, 635713.0640, 0.160, NS
(5, 8), 1172.848062, 411.0446503, 555694.7943, 0.940, NS
(37, 18), 1090.03281, 636.9606202, 534609.2415, 0.760, NS
(2, 37), 1091.50251, 480.4854399, 540512.0099, 0.510, NS
(14, 28), 853.7237313, 365.1346936, 449006.6728, 0.030, LL
(23, 32), 953.3290663, 483.2993343, 479862.3857, 0.400, NS
(13, 28), 807.9383305, 504.946363, 404067.9522, 0.550, NS
(2, 7), 1179.186679, 331.5179761, 570358.8643, 0.800, NS
(16, 33), 863.1169499, 620.8831034, 424775.1954, 0.640, NS
(7, 6), 1305.918949, 609.6630397, 667309.9925, 0.240, NS
(16, 15), 1163.74931, 455.2821569, 584288.7668, 0.470, NS
(20, 6), 1219.787068, 407.5753658, 608832.4988, 0.470, NS
(30, 16), 1179.884773, 459.3420971, 576668.8732, 0.790, NS
(14, 11), 945.2671216, 534.8595266, 476005.1229, 0.370, NS
(18, 16), 997.3337185, 435.5939266, 492416.6317, 0.740, NS
(23, 30), 940.7070158, 449.2137269, 484438.2497, 0.170, NS
(31, 22), 590.5059295, 330.2958029, 292548.1084, 0.570, NS
(23, 1), 1203.606733, 412.6402656, 596923.8251, 0.530, NS
(11, 36), 1243.229182, 560.1277042, 593478.5921, 0.920, NS
(15, 36), 1150.099762, 505.1478021, 554964.7226, 0.810, NS
(7, 11), 909.0359189, 478.4018611, 467332.5816, 0.120, NS
(11, 6), 1385.867758, 425.0346886, 704749.8479, 0.280, NS
(6, 23), 783.3562707, 540.0076551, 413527.5658, 0.060, NS
(22, 20), 915.6757257, 550.6079574, 436562.6164, 0.880, NS
(13, 26), 659.4438017, 308.1900381, 324995.1785, 0.670, NS
(36, 5), 1072.611421, 636.2165054, 546788.4755, 0.300, NS
(9, 37), 977.1962846, 436.6732369, 479231.7577, 0.750, NS
(16, 37), 1097.3513, 517.1058654, 560021.0217, 0.310, NS
(27, 28), 995.353455, 511.2126624, 505929.0080, 0.280, NS
(12, 37), 905.2654906, 503.1622106, 457636.9377, 0.300, NS
(33, 31), 688.8312166, 465.8593088, 334724.1138, 0.760, NS
(7, 5), 1079.512325, 485.4355869, 594312.6794, 0.010, HH
(1, 32), 1445.53757, 573.4397517, 734086.9130, 0.400, NS
(25, 1), 1024.93519, 648.4824665, 485409.1618, 0.980, NS
(15, 28), 1129.317219, 417.1212938, 570286.8741, 0.340, NS
(35, 1), 933.9712959, 359.8276781, 481987.7161, 0.150, NS
(36, 10), 1159.620489, 541.0037324, 574540.6247, 0.610, NS
(1, 31), 1010.473413, 596.0639692, 512229.6381, 0.500, NS
(27, 12), 880.0356991, 469.1729439, 459175.7328, 0.020, LL
(22, 25), 1081.622398, 631.2450031, 536415.5444, 0.620, NS
(37, 5), 1410.616568, 489.6909022, 723876.9598, 0.320, NS
(23, 37), 1159.912743, 526.3972848, 584930.6934, 0.290, NS
(21, 28), 714.9329917, 584.300165, 358860.5193, 0.500, NS
(27, 9), 964.0163174, 618.728308, 472637.5678, 0.830, NS
(21, 21), 582.4111947, 531.5615689, 288483.1361, 0.610, NS
(30, 23), 1217.956885, 509.0847896, 613105.6038, 0.350, NS
(37, 21), 886.4849355, 465.6901931, 438037.4394, 0.690, NS
(10, 3), 925.7389994, 506.2031411, 459294.4501, 0.590, NS
(29, 28), 1037.145427, 454.8041893, 517977.0488, 0.570, NS
(27, 32), 738.7954547, 466.4991164, 389784.6148, 0.010, LL
(3, 4), 861.2111612, 469.0644301, 451598.5052, 0.060, NS
(33, 6), 728.0871771, 495.1868435, 371756.7708, 0.270, NS
(9, 13), 1055.24859, 438.0441088, 509207.6240, 0.880, NS
(37, 9), 805.0720478, 536.4976813, 393243.3905, 0.730, NS
(36, 31), 913.9412218, 682.9717448, 458434.2615, 0.530, NS
(21, 7), 1280.759388, 503.305595, 679435.8610, 0.060, NS
(5, 21), 1151.919507, 348.8385283, 567985.3383, 0.610, NS
(11, 1), 807.6219924, 320.6699524, 405492.2282, 0.400, NS
(31, 32), 928.3962295, 492.3321767, 432593.0974, 1.000, NS
(2, 32), 1099.321661, 515.9165695, 543639.0742, 0.700, NS
(22, 14), 962.9864334, 459.7515963, 477771.5680, 0.560, NS
(24, 17), 1204.626467, 558.575543, 605666.0757, 0.430, NS
(30, 32), 1137.756903, 519.4429615, 566327.0635, 0.620, NS
(26, 12), 1050.785211, 647.4413309, 519024.0681, 0.700, NS
(6, 34), 905.8819181, 556.701482, 477889.1572, 0.040, LL
(27, 18), 921.2690038, 407.6837025, 448925.8431, 0.840, NS
(35, 28), 849.3647874, 503.0387364, 403062.0870, 0.940, NS
(26, 27), 900.5654922, 550.1082865, 451232.0717, 0.550, NS
(24, 2), 788.9659801, 490.1435805, 390851.0900, 0.620, NS
(25, 8), 997.9900991, 649.726034, 462443.2925, 0.980, NS
(27, 29), 1149.57503, 570.6527879, 569407.4802, 0.670, NS
(27, 7), 753.9602131, 586.5320543, 400586.6313, 0.030, LL
(6, 5), 909.1085842, 569.2582131, 470790.5013, 0.140, NS
(20, 34), 775.9201818, 447.8567515, 386363.4839, 0.550, NS
(23, 3), 1206.470392, 476.7208366, 598383.8574, 0.540, NS
(24, 15), 742.3459711, 450.2189402, 357664.5796, 0.920, NS
(7, 27), 1003.750553, 619.6205658, 506896.8615, 0.340, NS
(8, 33), 635.1849558, 458.8647736, 313652.1100, 0.520, NS
(15, 16), 850.1816351, 291.8486261, 397010.4296, 1.000, NS
(28, 3), 903.1471227, 476.4002888, 461608.0238, 0.170, NS
(6, 13), 809.8135303, 392.052219, 402612.3241, 0.540, NS
(25, 33), 874.3365961, 604.6815678, 456001.6536, 0.140, NS
(8, 22), 1284.31858, 595.8519794, 621259.4877, 0.850, NS
(23, 29), 891.9609734, 608.6162478, 442573.8503, 0.610, NS
(4, 6), 1139.172622, 547.6970162, 561301.4597, 0.690, NS
(11, 27), 971.435611, 409.9287887, 485959.0059, 0.440, NS
(23, 34), 872.7060732, 557.8653159, 453039.7826, 0.170, NS
(15, 3), 966.6519299, 462.7160297, 488924.9223, 0.440, NS
(13, 23), 978.4266328, 578.1273681, 506655.9284, 0.110, NS
(26, 21), 635.9692133, 585.1022045, 318972.0578, 0.470, NS
(16, 17), 987.6554057, 656.4172434, 466209.1322, 0.990, NS
(22, 4), 1180.435635, 461.5989881, 608005.9292, 0.200, NS
(28, 11), 1362.677148, 624.9171286, 676152.5644, 0.590, NS
(34, 32), 1044.435777, 567.4451796, 507518.8436, 0.850, NS
(24, 35), 1108.776302, 403.3559227, 550567.2531, 0.560, NS
(6, 6), 637.9069293, 518.9756738, 324489.8074, 0.380, NS
(28, 27), 1124.834036, 507.9626398, 563118.5551, 0.410, NS
(16, 5), 825.2035086, 359.3431141, 414551.5008, 0.450, NS
(34, 7), 977.5739555, 548.3029016, 511392.7234, 0.010, HH
(16, 11), 1046.745792, 434.1268662, 526550.7654, 0.420, NS
(35, 2), 1151.142099, 494.463068, 551026.4688, 0.940, NS
(3, 27), 765.4165698, 540.5780988, 385857.0990, 0.440, NS
(7, 31), 764.2808, 524.0215405, 408522.4918, 0.000, NS
(6, 28), 1046.783852, 310.447593, 541076.9639, 0.100, NS
(16, 31), 919.4723913, 569.2294209, 453505.9801, 0.710, NS
(36, 19), 813.886792, 369.777975, 410947.9246, 0.360, NS
(3, 26), 1234.042057, 708.9382977, 627748.6497, 0.290, NS
(21, 6), 1208.567244, 680.2632253, 609598.5423, 0.420, NS
(25, 15), 1240.293319, 476.1119002, 578350.3591, 0.980, NS
(25, 20), 904.3673204, 569.2028208, 426008.8848, 0.910, NS
(37, 14), 904.6811688, 486.1684091, 453771.3491, 0.450, NS
(25, 3), 783.5188276, 390.1143444, 388415.3119, 0.510, NS
(31, 25), 1315.589955, 608.7022486, 665721.7741, 0.360, NS
(21, 36), 800.7893203, 510.9216351, 381364.6628, 0.890, NS
(14, 26), 1181.099051, 531.6464463, 616567.9547, 0.090, NS
(27, 22), 1102.562113, 527.9810434, 554432.9103, 0.440, NS
(8, 32), 1080.096549, 523.6192508, 540239.7185, 0.520, NS
(10, 22), 1053.961186, 376.7485464, 541171.2235, 0.120, NS
(2, 24), 876.8347694, 543.5327527, 432718.8288, 0.610, NS
(26, 29), 905.8719925, 463.0394827, 448185.3361, 0.590, NS
(30, 11), 1117.529631, 359.4769272, 558311.1741, 0.500, NS
(31, 21), 1232.728199, 601.4076718, 622237.7570, 0.330, NS
(22, 28), 1254.897385, 439.0025614, 622767.9876, 0.700, NS
(26, 9), 987.6728985, 639.5823801, 476578.2452, 0.880, NS
(37, 10), 1582.374488, 510.2536064, 784588.1224, 0.540, NS
(27, 33), 1432.506165, 580.9629267, 747452.2777, 0.060, NS
(29, 36), 1031.953817, 434.8661421, 529689.6503, 0.240, NS
(20, 36), 757.3889861, 297.5204021, 364808.4923, 0.840, NS
(32, 31), 958.4128229, 505.6663879, 500066.3636, 0.040, HH
(2, 34), 671.6624535, 470.8149009, 323550.4421, 0.870, NS
(22, 6), 1259.453188, 539.1596094, 631152.9551, 0.580, NS
(15, 30), 1048.045483, 420.6524732, 496140.3385, 0.960, NS
(25, 18), 772.6242486, 599.3811047, 367447.1926, 0.950, NS
(31, 19), 845.4723732, 645.3729217, 402903.3406, 0.880, NS
(37, 30), 1091.17081, 679.0664616, 550179.0313, 0.380, NS
(33, 10), 1563.508707, 540.1603666, 790539.7158, 0.350, NS
(16, 32), 1026.637416, 410.4583771, 498790.8639, 0.830, NS
(10, 19), 883.7669843, 639.393746, 456240.0181, 0.150, NS
(26, 3), 1389.369572, 598.8191372, 710933.6824, 0.270, NS
(3, 31), 1115.124807, 652.9997398, 571311.1471, 0.260, NS
(34, 6), 972.6474748, 493.7482538, 493967.0021, 0.330, NS
(13, 19), 689.9770724, 593.4468976, 346425.4545, 0.450, NS
(13, 3), 1367.636719, 522.7880164, 678601.2434, 0.590, NS
(36, 27), 762.7570833, 439.2021923, 386051.9974, 0.350, NS
(35, 17), 1082.663185, 483.2355023, 494334.1437, 0.990, NS
(36, 20), 1190.808945, 440.2260168, 570753.7841, 0.910, NS
(21, 8), 828.5634251, 373.8353333, 435803.4315, 0.090, NS
(27, 23), 1192.312954, 486.01846, 596761.7898, 0.440, NS
(15, 25), 1130.826405, 588.5170901, 575127.7873, 0.310, NS
(10, 35), 1285.423506, 613.6504504, 655712.5855, 0.330, NS
(5, 5), 859.2086954, 651.075794, 426821.1502, 0.560, NS
(24, 8), 1163.643393, 633.4594915, 587983.4307, 0.350, NS
(6, 16), 877.7894336, 633.0251475, 449822.8021, 0.130, NS
(36, 37), 678.700927, 636.2209488, 343479.0833, 0.380, NS
(1, 11), 982.5935661, 512.7784462, 490634.8251, 0.620, NS
(33, 16), 1163.444407, 472.3202013, 548177.2630, 0.950, NS
(37, 15), 770.7342382, 475.9588528, 388420.2380, 0.350, NS
(6, 2), 992.3883975, 494.9382786, 497815.5949, 0.440, NS
(34, 3), 1046.866325, 632.069645, 540373.8594, 0.140, NS
(11, 21), 1198.177873, 551.6002341, 597507.4025, 0.510, NS
(16, 36), 1054.062679, 601.5398395, 517446.6744, 0.730, NS
(27, 27), 894.3517385, 675.9040035, 432561.0602, 0.890, NS
(18, 32), 1047.562342, 397.64897, 518766.6501, 0.700, NS
(3, 28), 1246.572799, 486.4782011, 637308.1891, 0.230, NS
(5, 18), 1227.705907, 604.064586, 608590.1424, 0.460, NS
(36, 28), 1041.54232, 614.4954399, 531747.2780, 0.260, NS
(19, 30), 1099.279808, 336.8564414, 545636.5497, 0.650, NS
(22, 8), 1193.340437, 361.0633396, 617889.0606, 0.180, NS
(8, 34), 939.3609163, 457.0176034, 469973.7432, 0.570, NS
(15, 9), 1493.938771, 507.3607299, 750054.9057, 0.460, NS
(31, 14), 712.2682624, 515.5977113, 361642.5213, 0.310, NS
(33, 4), 1061.721224, 293.1325458, 498775.2799, 0.960, NS
(21, 35), 1145.386371, 392.3779199, 554310.8164, 0.840, NS
(26, 15), 700.2446949, 417.1059731, 328896.1609, 0.950, NS
(33, 14), 820.6067837, 702.7405058, 421923.9258, 0.240, NS
(27, 8), 1055.523939, 499.6311592, 511239.0682, 0.900, NS
(25, 10), 1034.991567, 529.0116716, 472314.6739, 1.000, NS
(15, 29), 1190.726235, 491.7683181, 598109.4653, 0.400, NS
(36, 32), 1220.14747, 403.4730556, 617729.5204, 0.330, NS
(8, 25), 1033.665955, 575.4307441, 517433.9741, 0.430, NS
(9, 1), 995.4857297, 518.2853576, 500984.7439, 0.420, NS
(22, 13), 1047.521647, 480.5045264, 545950.9283, 0.080, NS
(33, 20), 1058.458303, 649.987837, 535578.4624, 0.390, NS
(33, 29), 837.8610921, 405.5228144, 404163.2520, 0.850, NS
(20, 25), 902.0861255, 526.7111583, 441028.6543, 0.690, NS
(23, 26), 543.4340208, 371.992252, 268969.6797, 0.580, NS
(7, 4), 1166.524632, 410.4992411, 614955.5457, 0.010, HH
(35, 32), 785.1822713, 445.6602928, 370654.1633, 0.930, NS
(15, 7), 1179.157873, 384.9516098, 613897.8048, 0.070, NS
(14, 16), 1043.631851, 616.5561364, 507778.1630, 0.890, NS
(21, 4), 1516.381809, 549.2283883, 774616.1644, 0.330, NS
(1, 19), 1036.656468, 576.3875976, 501645.8532, 0.760, NS
(2, 3), 1068.851966, 577.4183166, 526941.1427, 0.620, NS
(19, 21), 795.9559033, 561.3890518, 394171.6502, 0.690, NS
(11, 4), 1108.34325, 609.2210508, 589145.9936, 0.030, HH
(27, 31), 836.6145329, 481.0689176, 441863.9577, 0.000, NS
(4, 3), 813.5992747, 530.5498415, 416765.6665, 0.280, NS
(13, 7), 567.0225759, 523.0253448, 285498.1382, 0.390, NS
(20, 32), 1049.997389, 519.2174129, 516904.6376, 0.760, NS
(34, 34), 1290.702553, 480.7439919, 678105.7081, 0.040, HH
(30, 26), 906.8522138, 423.4194125, 445966.7440, 0.720, NS
(35, 9), 1263.283218, 457.0014393, 623895.8529, 0.670, NS
(33, 11), 968.9615635, 469.7220405, 469959.8918, 0.810, NS
(35, 8), 615.9213533, 462.8880061, 315712.6570, 0.300, NS
(19, 34), 962.1874913, 576.0994788, 496914.4035, 0.150, NS
(8, 36), 1205.227842, 521.1242003, 626886.1914, 0.150, NS
(20, 22), 533.6431391, 477.243011, 268000.9198, 0.560, NS
(28, 33), 871.7544033, 615.1016519, 457948.4418, 0.000, NS
(10, 27), 984.1871861, 553.4984414, 490183.9315, 0.440, NS
(8, 35), 727.9791435, 472.8325862, 369696.8000, 0.350, NS
(9, 12), 1322.647003, 574.3493583, 630957.7918, 0.960, NS
(12, 20), 985.7693826, 678.7812099, 495512.0930, 0.390, NS
(17, 26), 1061.144657, 479.9139699, 531400.7568, 0.490, NS
(13, 12), 1185.393903, 476.5162687, 597838.6433, 0.410, NS