Global BiFlowLISA value is: 42013077.5882. It is significantly positive at 0.05 level
O, D, V1, V2, BI, p-value, pattern
29, 32, 644,214,136081.14285714284,0.0, HH
48, 45, 20,35,452.5,1.0, NS
40, 41, 1,50,63.8,0.98, NS
6, 48, 5,53,642.0833333333333,0.108, NS
41, 42, 116,240,23462.933333333334,0.0, HH
33, 38, 620,244,135635.33333333334,0.0, HH
25, 34, 11,77,1536.92,0.074, NS
44, 47, 56,141,5545.866666666667,0.646, NS
36, 48, 14,57,2480.7999999999997,0.0, LL
30, 4, 16,20,683.3333333333334,1.0, NS
29, 45, 103,117,8519.571428571428,0.897, NS
21, 41, 218,169,36987.33333333333,0.002, HH
22, 5, 236,50,37423.48148148148,0.001, HH
14, 1, 22,31,2178.916666666667,0.609, NS
25, 47, 24,142,2803.2,0.291, NS
15, 2, 2,1,109.1304347826087,0.998, NS
26, 11, 2,6,10.714285714285714,1.0, NS
18, 7, 21,45,2225.125,0.481, NS
17, 48, 183,231,37127.21428571428,0.0, HH
9, 44, 79,124,7999.690476190476,0.58, NS
44, 1, 11,27,517.0,0.999, NS
10, 8, 29,118,2485.7142857142853,0.86, NS
3, 5, 8,8,229.67741935483872,1.0, NS
22, 18, 12,17,592.0,1.0, NS
14, 14, 81,80,19665.0,0.0, LL
7, 11, 20,83,730.625,1.0, NS
48, 12, 18,36,736.4347826086956,1.0, NS
40, 8, 2,13,83.75,1.0, NS
6, 15, 10,44,1483.888888888889,0.009, LL
41, 9, 38,126,5787.942857142857,0.01, LL
33, 5, 59,29,4079.740740740741,0.998, NS
25, 1, 95,171,19636.5,0.0, HH
44, 14, 120,94,16296.666666666664,0.057, NS
10, 21, 89,114,5412.047619047619,1.0, NS
2, 17, 1,0,56.4,0.997, NS
34, 6, 17,52,2421.366666666667,0.041, LL
37, 11, 33,75,1359.6000000000001,1.0, NS
3, 18, 47,69,8051.954545454545,0.006, LL
36, 15, 48,99,11998.4,0.0, LL
47, 24, 22,154,2902.5333333333333,0.104, NS
5, 27, 12,15,642.1333333333333,1.0, NS
29, 12, 48,31,1825.8461538461538,1.0, NS
48, 25, 110,267,19220.666666666664,0.0, HH
21, 8, 31,52,3021.208333333333,0.629, NS
40, 21, 1,32,32.583333333333336,1.0, NS
6, 28, 8,28,661.3333333333334,0.914, NS
33, 18, 65,53,10977.777777777777,0.001, LL
25, 14, 28,62,3299.333333333333,0.291, NS
32, 22, 104,109,12873.714285714286,0.145, NS
51, 35, 6,19,238.79999999999998,0.999, NS
43, 31, 97,120,12584.133333333331,0.115, NS
35, 27, 74,202,13823.2,0.0, LL
1, 34, 2,24,209.1,0.537, NS
17, 15, 145,231,34668.80952380953,0.0, HH
36, 28, 11,81,1862.3000000000002,0.004, LL
9, 11, 47,89,1967.2857142857142,1.0, NS
28, 24, 69,126,6811.833333333334,0.654, NS
47, 37, 19,58,1832.36,0.673, NS
5, 40, 2,3,36.388888888888886,1.0, NS
29, 25, 60,111,5816.571428571428,0.687, NS
21, 21, 617,289,184191.63888888888,0.0, HH
39, 38, 102,147,6494.849999999999,0.999, NS
31, 34, 19,40,1471.2333333333333,0.947, NS
13, 22, 48,48,5038.4,0.511, NS
32, 35, 54,98,6111.257142857143,0.335, NS
51, 48, 13,41,501.58333333333337,1.0, NS
24, 31, 46,133,5669.5,0.149, NS
43, 44, 1881,621,463415.7,0.0, HH
16, 27, 128,214,34647.04,0.0, HH
35, 40, 21,61,2642.85,0.187, NS
1, 47, 9,62,829.35,0.72, NS
17, 28, 62,97,7897.619047619048,0.093, NS
9, 24, 68,192,8535.619047619048,0.123, NS
28, 37, 324,253,59151.6,0.0, HH
27, 41, 14,34,1390.48,0.622, NS
30, 46, 245,143,36155.875,0.008, HH
20, 38, 52,107,7724.6,0.045, LL
39, 51, 16,73,464.0,1.0, NS
12, 34, 38,23,2487.1,0.972, NS
31, 47, 142,276,34013.73333333333,0.0, HH
4, 30, 15,23,685.625,1.0, NS
23, 43, 168,215,23772.0,0.081, NS
13, 35, 64,142,11988.48,0.001, LL
24, 44, 22,69,1161.7222222222222,1.0, NS
16, 40, 43,86,7789.45,0.002, LL
50, 38, 48,80,5158.4,0.448, NS
42, 34, 24,53,2133.6000000000004,0.813, NS
8, 41, 22,64,2644.4,0.259, NS
19, 50, 36,58,2923.2000000000003,0.82, NS
11, 46, 8,18,79.2,1.0, NS
20, 51, 440,233,103510.0,0.0, HH
12, 47, 15,41,670.2631578947368,1.0, NS
4, 43, 33,51,1553.2,0.995, NS
47, 4, 2,20,57.86666666666667,1.0, NS
5, 7, 102,40,11884.416666666666,0.198, NS
46, 45, 1133,461,212437.5,0.001, HH
38, 41, 166,159,29860.079999999998,0.003, HH
49, 50, 6,10,198.66666666666669,1.0, NS
39, 5, 9,8,225.12676056338026,1.0, NS
31, 1, 23,74,3389.625,0.043, LL
50, 51, 354,174,76169.0,0.002, HH
42, 47, 250,453,58733.333333333336,0.0, HH
32, 2, 2,0,81.55555555555556,1.0, NS
51, 15, 44,84,3998.5,0.751, NS
43, 11, 22,31,469.70000000000005,1.0, NS
35, 7, 27,74,2527.875,0.793, NS
1, 14, 4,49,439.5,0.416, NS
34, 48, 11,40,1038.0333333333333,0.714, NS
28, 4, 12,36,428.0,1.0, NS
20, 5, 80,30,11368.888888888889,0.035, LL
39, 18, 111,182,17325.25,0.0, HH
12, 1, 23,32,1564.0,0.915, NS
31, 14, 174,154,45196.5,0.0, HH
23, 10, 8,61,350.0,1.0, NS
24, 11, 44,162,4220.333333333334,0.671, NS
16, 7, 63,104,10325.7,0.001, LL
50, 5, 59,23,7814.222222222223,0.108, NS
42, 1, 79,172,14348.375,0.001, LL
8, 8, 91,103,20253.1875,0.0, LL
27, 21, 14,49,830.6666666666667,0.999, NS
19, 17, 64,142,10229.028571428571,0.003, LL
11, 13, 13,49,698.75,0.994, NS
30, 26, 56,34,3619.0,0.997, NS
20, 18, 9,27,414.375,1.0, NS
12, 14, 9,14,358.875,1.0, NS
4, 10, 1,14,8.952380952380953,1.0, NS
23, 23, 322,177,74039.875,0.0, HH
46, 12, 3,9,25.349999999999998,1.0, NS
38, 8, 299,213,65182.0,0.0, HH
49, 17, 24,51,2615.478260869565,0.393, NS
15, 24, 93,199,19039.166666666668,0.0, LL
7, 20, 94,117,7901.875,0.895, NS
26, 33, 12,18,335.0,1.0, NS
18, 29, 21,32,1895.0,0.861, NS
50, 18, 2,21,71.66666666666667,1.0, NS
42, 14, 211,215,46677.88888888889,0.0, HH
8, 21, 24,67,2375.0,0.623, NS
19, 30, 44,84,6255.700000000001,0.025, LL
11, 26, 3,13,18.0,1.0, NS
34, 15, 12,42,1243.1999999999998,0.514, NS
45, 24, 5,18,81.875,1.0, NS
37, 20, 368,218,65724.8,0.008, HH
3, 27, 86,141,11098.526315789473,0.154, NS
22, 40, 8,15,190.33333333333334,1.0, NS
14, 36, 11,27,1471.8000000000002,0.089, NS
46, 25, 10,32,242.39999999999998,1.0, NS
38, 21, 154,103,22771.466666666667,0.023, HH
49, 30, 16,26,763.5555555555555,1.0, NS
15, 37, 146,125,21758.866666666665,0.018, HH
7, 33, 291,306,62067.875,0.0, HH
26, 46, 346,258,44270.700000000004,0.178, NS
18, 42, 94,157,17063.61111111111,0.0, HH
41, 31, 120,238,30056.0,0.0, HH
33, 27, 109,106,25400.63333333333,0.0, HH
25, 23, 8,21,310.4,1.0, NS
44, 36, 18,26,1232.4,0.984, NS
10, 43, 49,79,2308.6,1.0, NS
2, 39, 1,4,59.733333333333334,0.996, NS
34, 28, 10,37,714.3333333333334,0.974, NS
45, 37, 42,66,3112.2,0.927, NS
37, 33, 88,139,12061.866666666667,0.057, NS
3, 40, 15,51,1207.0,0.818, NS
14, 49, 20,32,1175.7142857142858,1.0, NS
29, 34, 22,20,1193.6571428571428,1.0, NS
48, 47, 166,291,26797.933333333334,0.005, HH
40, 43, 1,34,25.7,1.0, NS
6, 50, 5,8,160.0,1.0, NS
41, 44, 108,126,17136.0,0.008, HH
33, 40, 31,65,2610.458333333333,0.854, NS
25, 36, 18,58,3689.28,0.0, LL
44, 49, 11,20,367.5609756097561,1.0, NS
36, 50, 3,16,188.2,0.964, NS
28, 46, 178,194,21063.333333333332,0.26, NS
27, 1, 10,27,1124.5,0.375, NS
30, 6, 4,8,208.58333333333334,1.0, NS
29, 47, 109,146,16293.942857142858,0.014, HH
21, 43, 811,488,229675.19999999998,0.0, HH
22, 7, 497,253,85960.29166666667,0.0, HH
14, 3, 40,46,2866.666666666667,0.956, NS
15, 4, 5,12,89.44444444444444,1.0, NS
26, 13, 10,15,265.0,1.0, NS
18, 9, 53,70,7961.357142857143,0.006, LL
17, 50, 15,26,634.2857142857142,1.0, NS
9, 46, 73,83,5345.685714285714,0.98, NS
44, 3, 33,51,1304.2173913043478,1.0, NS
10, 10, 698,747,169898.89795918367,0.0, HH
2, 6, 5,1,321.25,0.976, NS
45, 4, 201,87,14304.500000000002,0.891, NS
3, 7, 39,71,2882.1000000000004,0.955, NS
22, 20, 153,131,14681.625,0.652, NS
14, 16, 65,57,12792.0,0.0, LL
29, 1, 27,41,2484.964285714286,0.755, NS
48, 14, 44,61,5628.333333333334,0.108, NS
40, 10, 33,310,4997.142857142857,0.017, LL
6, 17, 8,51,1407.047619047619,0.0, LL
41, 11, 36,61,1708.2,0.999, NS
33, 7, 402,238,86178.75,0.0, HH
25, 3, 19,93,2273.0,0.279, NS
44, 16, 69,83,5982.3,0.833, NS
10, 23, 19,56,818.3571428571428,1.0, NS
51, 24, 13,17,529.75,1.0, NS
2, 19, 1,1,30.0,1.0, NS
36, 17, 6,106,1364.2285714285713,0.0, LL
28, 13, 127,159,28778.2,0.0, HH
47, 26, 16,33,656.0,1.0, NS
5, 29, 125,37,17980.15873015873,0.003, HH
29, 14, 248,140,52782.66666666667,0.0, HH
48, 27, 190,267,36252.0,0.0, HH
21, 10, 58,135,3822.47619047619,0.997, NS
6, 30, 2,13,116.04166666666667,1.0, NS
25, 16, 73,217,19999.079999999998,0.0, LL
32, 24, 60,116,7187.142857142858,0.202, NS
51, 37, 176,150,36608.0,0.001, HH
24, 20, 22,30,897.4166666666666,1.0, NS
43, 33, 86,118,6553.2,0.956, NS
35, 29, 24,90,1993.3714285714286,0.936, NS
1, 36, 9,35,1653.3,0.001, LL
17, 17, 113,120,28019.38775510204,0.0, HH
36, 30, 6,16,615.1500000000001,0.599, NS
9, 13, 283,254,68583.02857142857,0.0, HH
28, 26, 49,70,2470.4166666666665,1.0, NS
47, 39, 102,349,10174.5,0.651, NS
5, 42, 47,25,3056.740740740741,0.999, NS
21, 23, 57,123,7799.500000000001,0.094, NS
20, 27, 12,39,588.5999999999999,0.998, NS
39, 40, 48,146,4483.5,0.731, NS
31, 36, 45,83,8676.0,0.0, LL
23, 32, 32,81,4076.5714285714284,0.156, NS
13, 24, 71,139,12879.4,0.0, LL
32, 37, 299,240,52478.771428571425,0.002, HH
24, 33, 62,144,8144.388888888889,0.094, NS
43, 46, 526,289,76059.59999999999,0.042, HH
16, 29, 74,116,11425.6,0.005, LL
35, 42, 101,237,16109.5,0.005, HH
1, 49, 4,35,364.0,0.792, NS
17, 30, 33,52,2779.0714285714284,0.955, NS
9, 26, 30,24,973.9285714285714,1.0, NS
50, 27, 5,19,207.0,0.998, NS
27, 43, 20,52,1110.4,0.999, NS
19, 39, 39,102,2662.7250000000004,0.994, NS
30, 48, 88,90,6165.5,0.999, NS
20, 40, 17,42,630.0625,1.0, NS
12, 36, 9,14,530.0,0.986, NS
31, 49, 19,50,1319.8048780487807,0.994, NS
4, 32, 6,11,151.71428571428572,1.0, NS
23, 45, 291,317,52798.3125,0.011, HH
13, 37, 37,54,3938.2799999999997,0.462, NS
46, 34, 4,7,67.36,1.0, NS
16, 42, 278,360,81046.26666666668,0.0, HH
49, 39, 149,173,15838.148148148148,0.458, NS
15, 46, 34,58,1748.7333333333331,1.0, NS
18, 51, 10,15,429.58333333333337,1.0, NS
42, 36, 85,134,18221.166666666668,0.0, LL
8, 43, 34,64,3179.0,0.695, NS
11, 48, 49,126,2192.75,1.0, NS
51, 4, 18,31,774.0,0.999, NS
1, 3, 2,39,185.85714285714286,0.663, NS
12, 49, 28,37,1489.0,0.999, NS
4, 45, 154,93,11742.5,0.813, NS
45, 46, 962,483,186002.69999999998,0.0, HH
47, 6, 6,29,614.1999999999999,0.592, NS
5, 9, 33,16,2467.142857142857,0.997, NS
46, 47, 76,126,7590.879999999999,0.61, NS
38, 43, 181,164,24348.120000000003,0.103, NS
39, 7, 95,126,6497.109375,0.998, NS
31, 3, 43,64,3548.4347826086955,0.85, NS
42, 49, 36,53,2830.5,0.964, NS
32, 4, 8,16,212.1904761904762,1.0, NS
43, 13, 26,48,1825.2,0.97, NS
35, 9, 66,140,8908.114285714286,0.076, NS
1, 16, 23,162,5890.3,0.0, LL
34, 50, 3,4,95.0,1.0, NS
27, 10, 89,283,14537.514285714287,0.003, LL
30, 15, 100,107,13845.833333333334,0.02, HH
20, 7, 72,107,6898.5,0.71, NS
39, 20, 22,74,692.3125,1.0, NS
12, 3, 47,61,3110.8125,0.944, NS
31, 16, 130,189,33323.33333333333,0.0, HH
23, 12, 1,17,14.25,1.0, NS
13, 4, 6,11,115.6,1.0, NS
46, 1, 5,11,103.5,1.0, NS
16, 9, 149,225,34082.68571428571,0.0, HH
49, 6, 21,61,2416.0,0.299, NS
26, 22, 138,128,13857.5,0.603, NS
50, 7, 18,52,1329.0,0.953, NS
42, 3, 76,150,7406.545454545454,0.63, NS
8, 10, 22,119,1847.2142857142856,0.878, NS
27, 23, 22,37,1769.9,0.872, NS
19, 19, 134,96,19885.600000000002,0.019, HH
11, 15, 35,103,2347.9166666666665,0.979, NS
30, 28, 489,234,107641.125,0.0, HH
12, 16, 8,29,550.7368421052631,0.948, NS
4, 12, 1,1,3.7,1.0, NS
22, 29, 263,222,41291.0,0.004, HH
46, 14, 48,51,4856.0,0.577, NS
38, 10, 99,160,9407.82857142857,0.719, NS
49, 19, 17,31,904.0,1.0, NS
15, 26, 7,19,174.41666666666669,1.0, NS
7, 22, 490,265,81482.91666666666,0.0, HH
26, 35, 4,7,40.8,1.0, NS
18, 31, 29,47,4235.61111111111,0.013, LL
42, 16, 343,315,105975.56666666665,0.0, HH
8, 23, 103,87,19441.25,0.004, HH
11, 28, 45,110,2148.75,1.0, NS
34, 17, 6,36,768.5142857142857,0.122, NS
45, 26, 382,199,44479.125,0.298, NS
37, 22, 102,115,11546.4,0.338, NS
3, 29, 52,83,3376.148148148148,0.982, NS
22, 42, 85,141,8391.388888888889,0.654, NS
14, 38, 538,183,130967.13333333333,0.0, HH
38, 23, 195,145,34017.75,0.004, HH
15, 39, 97,220,11441.958333333332,0.224, NS
7, 35, 36,67,3171.6,0.862, NS
48, 36, 29,48,4703.799999999999,0.003, LL
18, 44, 15,22,906.6666666666666,0.998, NS
41, 33, 113,219,22976.666666666668,0.0, HH
33, 29, 396,168,69384.85714285714,0.0, HH
25, 25, 126,265,32069.52,0.0, HH
44, 38, 212,194,37538.13333333333,0.001, HH
10, 45, 24,51,525.4285714285714,1.0, NS
34, 30, 3,16,150.825,1.0, NS
37, 35, 18,51,1020.96,0.997, NS
3, 42, 63,132,6085.227272727273,0.647, NS
14, 51, 38,55,2983.0,0.918, NS
47, 48, 93,305,14808.699999999999,0.005, LL
29, 36, 44,45,5683.542857142857,0.103, NS
48, 49, 27,56,2334.512195121951,0.902, NS
21, 32, 139,193,24632.785714285714,0.0, HH
40, 45, 1,16,12.0625,1.0, NS
33, 42, 569,319,129479.11111111111,0.0, HH
25, 38, 27,103,2283.12,0.869, NS
44, 51, 596,287,143313.1666666667,0.0, HH
17, 39, 136,301,19620.428571428572,0.002, HH
28, 48, 107,165,11865.111111111111,0.385, NS
29, 49, 27,38,1399.404255319149,1.0, NS
21, 45, 104,175,11899.333333333334,0.343, NS
22, 9, 128,113,15856.761904761905,0.141, NS
14, 5, 58,25,5196.37037037037,0.889, NS
13, 46, 33,40,1950.9599999999998,0.996, NS
16, 51, 13,36,861.25,0.97, NS
15, 6, 22,57,3480.888888888889,0.003, LL
7, 2, 5,7,211.09375,1.0, NS
48, 3, 75,178,8654.347826086958,0.299, NS
18, 11, 21,71,1602.125,0.922, NS
9, 48, 254,345,38081.85714285714,0.006, HH
44, 5, 294,66,51074.333333333336,0.0, HH
10, 12, 36,103,2324.0,0.99, NS
45, 6, 1,12,15.043478260869565,1.0, NS
37, 2, 1,0,34.94444444444444,1.0, NS
3, 9, 74,128,6956.0,0.724, NS
14, 18, 24,14,2761.3333333333335,0.314, NS
47, 15, 51,170,9214.0,0.001, LL
29, 3, 69,65,4129.384615384615,0.996, NS
48, 16, 209,259,53991.666666666664,0.0, HH
40, 12, 3,73,217.5,0.907, NS
6, 19, 11,31,924.7333333333333,0.891, NS
41, 13, 29,94,5534.36,0.001, LL
33, 9, 353,233,80837.0,0.0, HH
25, 5, 2,4,60.666666666666664,1.0, NS
44, 18, 15,25,805.0,1.0, NS
10, 25, 302,753,72747.4857142857,0.0, HH
51, 26, 50,60,4012.5,0.836, NS
43, 22, 413,280,55383.299999999996,0.073, NS
17, 6, 17,67,3111.404761904762,0.0, LL
36, 19, 23,89,3747.16,0.002, LL
28, 15, 266,275,57448.61111111111,0.0, HH
47, 28, 116,258,26629.733333333334,0.0, HH
5, 31, 57,26,6007.166666666666,0.51, NS
29, 16, 105,96,17274.0,0.0, HH
21, 12, 21,35,680.0,1.0, NS
40, 25, 25,203,4401.25,0.005, LL
6, 32, 10,41,939.2857142857143,0.757, NS
39, 29, 91,176,5637.125,1.0, NS
13, 13, 197,114,58059.840000000004,0.0, HH
32, 26, 24,28,903.4285714285716,1.0, NS
51, 39, 13,61,411.125,1.0, NS
24, 22, 16,49,710.2222222222222,1.0, NS
43, 35, 8,34,311.68,1.0, NS
16, 18, 57,106,15732.0,0.0, LL
35, 31, 42,102,5409.6,0.114, NS
1, 38, 2,47,161.6,0.848, NS
17, 19, 54,112,7590.857142857143,0.048, LL
36, 32, 39,96,7422.257142857143,0.0, LL
9, 15, 158,265,30279.571428571428,0.0, HH
28, 28, 660,229,168721.66666666666,0.0, HH
5, 44, 311,53,54010.33333333333,0.0, HH
20, 29, 338,294,74034.07142857142,0.0, HH
39, 42, 174,351,18052.5,0.56, NS
12, 25, 39,66,3090.75,0.879, NS
31, 38, 285,337,71858.0,0.0, HH
23, 34, 1,11,26.85,1.0, NS
13, 26, 11,25,293.15,1.0, NS
32, 39, 111,185,8239.767857142857,0.996, NS
24, 35, 59,169,11849.166666666668,0.0, LL
16, 31, 99,167,25182.3,0.0, HH
35, 44, 24,91,1317.6,1.0, NS
1, 51, 5,23,206.5625,1.0, NS
9, 28, 228,312,46897.42857142857,0.0, HH
50, 29, 136,189,24590.095238095237,0.004, HH
42, 25, 119,301,23089.966666666667,0.0, HH
8, 32, 42,132,7156.5,0.002, LL
27, 45, 14,31,499.09999999999997,1.0, NS
19, 41, 214,166,35797.92,0.007, HH
11, 37, 30,52,1051.5,1.0, NS
30, 50, 87,74,11248.375,0.134, NS
20, 42, 80,118,7850.0,0.613, NS
12, 38, 18,31,606.6,1.0, NS
31, 51, 68,71,7689.666666666666,0.351, NS
23, 47, 62,131,9191.5,0.064, NS
46, 36, 3,13,91.32000000000001,1.0, NS
38, 32, 327,253,67436.74285714286,0.0, HH
49, 41, 12,26,642.3529411764706,1.0, NS
15, 48, 144,308,30900.0,0.0, HH
7, 44, 173,153,23693.791666666668,0.036, HH
50, 42, 47,110,3373.555555555555,0.938, NS
42, 38, 288,330,56476.799999999996,0.0, HH
8, 45, 62,93,6920.75,0.395, NS
11, 50, 17,33,410.83333333333337,1.0, NS
51, 6, 2,10,73.25,1.0, NS
43, 2, 1,1,22.22222222222222,1.0, NS
1, 5, 2,5,53.72222222222222,1.0, NS
34, 39, 34,124,4225.35,0.143, NS
4, 47, 9,17,243.0,1.0, NS
45, 48, 13,32,273.5416666666667,1.0, NS
37, 44, 384,348,79372.79999999999,0.0, HH
3, 51, 13,28,462.4285714285714,1.0, NS
5, 11, 3,8,38.911764705882355,1.0, NS
46, 49, 6,10,104.74285714285713,1.0, NS
38, 45, 145,71,11991.5,0.854, NS
39, 9, 111,287,10437.964285714286,0.827, NS
31, 5, 26,28,2498.4074074074074,0.779, NS
23, 1, 1,7,29.75,1.0, NS
33, 51, 88,32,6083.0,0.971, NS
32, 6, 14,44,1331.0,0.765, NS
24, 2, 1,2,72.41666666666667,0.952, NS
35, 11, 42,96,3677.1,0.772, NS
1, 18, 7,44,1091.7083333333335,0.024, LL
27, 12, 9,35,394.65000000000003,1.0, NS
19, 8, 19,47,1752.75,0.716, NS
30, 17, 58,54,4434.928571428571,0.992, NS
20, 9, 32,73,2331.4285714285716,0.964, NS
39, 22, 31,68,1037.8541666666665,1.0, NS
31, 18, 34,53,5104.722222222222,0.009, LL
23, 14, 45,83,7366.875,0.013, LL
46, 3, 27,46,599.4,1.0, NS
49, 8, 19,30,1061.1851851851852,0.999, NS
15, 15, 378,197,112791.00000000001,0.0, HH
26, 24, 4,8,43.0,1.0, NS
18, 20, 5,21,216.875,1.0, NS
50, 9, 16,47,899.8095238095239,0.996, NS
42, 5, 35,30,2248.425925925926,1.0, NS
8, 12, 7,39,219.625,1.0, NS
27, 25, 40,186,6187.200000000001,0.01, LL
19, 21, 89,101,8977.133333333333,0.574, NS
11, 17, 39,112,2681.25,0.984, NS
30, 30, 239,121,50944.34375,0.0, HH
4, 14, 2,10,57.666666666666664,1.0, NS
45, 15, 27,43,1018.1250000000001,1.0, NS
22, 31, 81,122,12354.75,0.006, LL
14, 27, 35,65,6442.333333333333,0.0, LL
46, 16, 22,34,1058.6399999999999,1.0, NS
38, 12, 25,29,876.2499999999999,1.0, NS
49, 21, 7,14,253.7948717948718,1.0, NS
15, 28, 248,318,59430.444444444445,0.0, HH
7, 24, 26,76,2272.2916666666665,0.899, NS
26, 37, 10,23,467.5,0.999, NS
18, 33, 51,66,8053.749999999999,0.004, LL
41, 22, 44,72,4551.066666666667,0.535, NS
11, 30, 14,42,455.875,1.0, NS
44, 27, 28,62,1942.2666666666664,0.985, NS
10, 34, 24,80,2640.6857142857143,0.384, NS
34, 19, 8,31,493.12,0.995, NS
45, 28, 100,172,9120.833333333332,0.759, NS
37, 24, 15,43,909.5,0.999, NS
3, 31, 36,78,3012.0,0.842, NS
22, 44, 471,305,71919.08333333334,0.004, HH
14, 40, 20,29,1286.6666666666665,0.985, NS
7, 37, 127,127,15046.324999999999,0.224, NS
48, 38, 98,131,9571.333333333334,0.639, NS
40, 34, 9,73,879.3000000000001,0.647, NS
6, 41, 7,20,501.19999999999993,0.978, NS
41, 35, 18,47,1504.08,0.864, NS
33, 31, 305,138,74555.55555555556,0.0, HH
25, 27, 29,158,4410.320000000001,0.022, LL
44, 40, 11,31,346.04166666666663,1.0, NS
10, 47, 72,239,9538.971428571429,0.061, NS
3, 44, 23,52,1015.0,1.0, NS
36, 41, 15,55,2324.4,0.019, LL
47, 50, 8,32,409.6,0.993, NS
29, 38, 302,258,68277.88571428572,0.0, HH
48, 51, 31,47,1229.6666666666665,1.0, NS
21, 34, 6,18,236.39999999999998,1.0, NS
40, 47, 1,47,61.85,0.986, NS
33, 44, 195,87,20984.166666666668,0.469, NS
25, 40, 106,184,19472.199999999997,0.002, HH
32, 48, 114,193,15428.000000000002,0.048, HH
26, 4, 89,36,4153.333333333333,0.993, NS
17, 41, 27,68,2974.6285714285714,0.402, NS
9, 37, 60,82,5715.428571428572,0.739, NS
28, 50, 109,130,13612.888888888889,0.225, NS
10, 1, 280,265,56870.0,0.0, HH
29, 51, 248,217,49635.42857142857,0.0, HH
21, 47, 33,68,2680.7,0.915, NS
22, 11, 7,19,130.95833333333331,1.0, NS
14, 7, 266,206,61240.95833333333,0.0, HH
13, 48, 312,274,67059.2,0.0, HH
7, 4, 29,33,1019.8333333333333,1.0, NS
48, 5, 18,17,662.3333333333334,1.0, NS
40, 1, 29,120,4279.3125,0.065, NS
6, 8, 2,16,133.66666666666666,0.978, NS
9, 50, 31,37,1523.4285714285716,0.999, NS
44, 7, 142,172,19291.291666666664,0.04, HH
10, 14, 49,144,6843.666666666666,0.031, LL
2, 10, 2,5,96.88,1.0, NS
37, 4, 3,18,90.8,1.0, NS
3, 11, 98,176,8305.5,0.803, NS
36, 8, 2,16,158.5,0.891, NS
47, 17, 30,132,4647.428571428572,0.007, LL
5, 20, 81,24,9870.75,0.174, NS
29, 5, 101,57,14383.682539682539,0.007, HH
48, 18, 115,132,21827.638888888887,0.0, HH
21, 1, 14,27,758.3333333333333,0.998, NS
40, 14, 2,28,130.41666666666666,0.981, NS
6, 21, 3,13,122.08333333333333,1.0, NS
33, 11, 63,53,2926.875,1.0, NS
25, 7, 32,108,2746.4,0.924, NS
32, 15, 503,299,123223.02380952382,0.0, HH
51, 28, 132,222,23347.5,0.003, HH
43, 24, 9,42,351.6,1.0, NS
35, 20, 15,36,628.5,1.0, NS
1, 27, 3,42,363.15,0.258, NS
17, 8, 17,47,1681.1785714285713,0.612, NS
36, 21, 8,25,584.0,0.975, NS
9, 4, 13,19,311.3809523809524,1.0, NS
28, 17, 78,109,9690.57142857143,0.139, NS
47, 30, 78,187,15120.3,0.0, LL
5, 33, 68,35,4874.592592592593,0.997, NS
29, 18, 25,38,2192.8571428571427,0.878, NS
21, 14, 42,64,4739.0,0.33, NS
39, 31, 68,161,6146.916666666666,0.841, NS
31, 27, 52,169,10505.733333333334,0.0, LL
13, 15, 162,219,42778.8,0.0, HH
32, 28, 550,487,136164.2857142857,0.0, HH
51, 41, 104,94,15600.0,0.051, NS
24, 24, 80,122,16622.222222222223,0.0, LL
43, 37, 188,194,35148.48,0.0, HH
16, 20, 20,44,1522.0,0.915, NS
35, 33, 51,110,6976.8,0.074, NS
1, 40, 32,108,5206.0,0.027, LL
17, 21, 36,56,1927.7142857142858,0.999, NS
9, 17, 85,193,13051.836734693876,0.002, LL
28, 30, 490,243,108535.0,0.0, HH
27, 34, 9,31,930.6,0.552, NS
30, 39, 55,96,2607.34375,1.0, NS
20, 31, 56,110,8752.333333333332,0.014, LL
39, 44, 43,119,1735.2291666666665,1.0, NS
12, 27, 14,46,673.4736842105264,0.998, NS
31, 40, 16,56,1364.0,0.841, NS
4, 23, 27,29,1962.0000000000002,0.884, NS
23, 36, 1,5,42.05,1.0, NS
13, 28, 176,189,38819.73333333333,0.0, HH
24, 37, 28,40,1615.6000000000001,0.999, NS
16, 33, 148,192,38544.13333333333,0.0, HH
50, 31, 29,67,3331.777777777778,0.359, NS
42, 27, 174,365,41620.799999999996,0.0, HH
8, 34, 1,9,59.4,0.99, NS
27, 47, 102,247,21689.28,0.0, HH
19, 43, 39,56,3012.3599999999997,0.924, NS
11, 39, 130,363,9559.0625,0.971, NS
20, 44, 525,313,119350.0,0.0, HH
12, 40, 25,37,1608.3333333333333,0.953, NS
4, 36, 2,1,21.866666666666667,1.0, NS
23, 49, 5,12,139.82142857142858,1.0, NS
46, 38, 172,170,25992.64,0.025, HH
38, 34, 10,21,549.2,0.999, NS
49, 43, 8,14,226.42424242424244,1.0, NS
15, 50, 50,61,4272.222222222222,0.802, NS
7, 46, 297,186,36226.575,0.17, NS
6, 1, 11,48,1667.875,0.027, LL
50, 44, 292,248,57897.11111111111,0.0, HH
42, 40, 66,102,7232.5,0.404, NS
8, 47, 112,236,25631.2,0.0, HH
51, 8, 16,36,1360.0,0.786, NS
43, 4, 39,38,1705.6000000000001,0.997, NS
1, 7, 6,49,439.125,0.975, NS
34, 41, 9,32,537.48,0.996, NS
45, 50, 87,91,7474.75,0.737, NS
37, 46, 58,75,5616.72,0.64, NS
5, 13, 18,11,1190.8,0.997, NS
46, 51, 150,163,21360.0,0.078, NS
38, 47, 241,222,50831.719999999994,0.0, HH
39, 11, 184,381,14490.0,0.932, NS
31, 7, 227,328,51041.89583333333,0.0, HH
23, 3, 15,57,540.9375,1.0, NS
25, 49, 26,95,2925.0,0.367, NS
24, 4, 1,7,9.277777777777779,1.0, NS
35, 13, 61,123,11350.880000000001,0.0, LL
1, 20, 5,51,265.0,0.991, NS
8, 1, 3,16,176.25,0.982, NS
27, 14, 35,56,6592.833333333334,0.0, LL
19, 10, 268,435,46762.17142857143,0.0, HH
11, 6, 61,101,5596.75,0.76, NS
30, 19, 59,85,6798.275,0.285, NS
20, 11, 50,90,1968.75,0.999, NS
12, 7, 22,34,762.6666666666666,1.0, NS
31, 20, 60,85,7390.0,0.196, NS
4, 3, 3,2,18.299999999999997,1.0, NS
23, 16, 11,41,845.9000000000001,0.92, NS
46, 5, 180,64,33124.0,0.0, HH
38, 1, 24,45,1843.1999999999998,0.909, NS
49, 10, 37,114,3462.7173913043475,0.781, NS
15, 17, 142,284,36537.95238095238,0.0, HH
7, 13, 155,129,32406.625,0.0, HH
26, 26, 194,64,14562.125,0.877, NS
18, 22, 12,17,619.3333333333334,1.0, NS
50, 11, 20,54,761.6666666666667,0.998, NS
42, 7, 221,297,42445.8125,0.0, HH
8, 14, 58,157,14773.083333333334,0.0, LL
27, 27, 104,140,22655.36,0.0, HH
19, 23, 18,26,993.6,0.995, NS
11, 19, 41,90,1781.45,1.0, NS
30, 32, 231,204,40750.875,0.0, HH
34, 8, 2,13,118.4,0.984, NS
4, 16, 2,7,28.266666666666666,1.0, NS
45, 17, 4,21,77.0,1.0, NS
37, 13, 32,51,3934.72,0.199, NS
3, 20, 16,52,662.1538461538462,0.999, NS
22, 33, 91,94,10780.972222222223,0.239, NS
14, 29, 222,149,41054.142857142855,0.001, HH
46, 18, 3,22,91.5,1.0, NS
38, 14, 337,166,84474.66666666666,0.0, HH
49, 23, 7,13,187.88,1.0, NS
15, 30, 73,124,11503.583333333334,0.0, LL
7, 26, 79,73,4132.6875,1.0, NS
26, 39, 6,20,53.400000000000006,1.0, NS
18, 35, 47,80,10076.800000000001,0.0, LL
41, 24, 26,62,2376.4,0.788, NS
33, 20, 140,63,10669.166666666666,0.936, NS
44, 29, 860,278,176115.7142857143,0.0, HH
10, 36, 106,127,23059.542857142857,0.0, HH
2, 32, 2,4,75.92857142857143,1.0, NS
34, 21, 4,20,148.53333333333333,1.0, NS
45, 30, 125,116,15000.0,0.235, NS
37, 26, 18,27,892.8000000000001,0.999, NS
3, 33, 69,86,6045.0,0.799, NS
22, 46, 968,361,181209.59999999998,0.0, HH
14, 42, 209,194,42432.805555555555,0.0, HH
29, 27, 45,74,4870.285714285715,0.458, NS
48, 40, 28,79,2651.833333333333,0.688, NS
40, 36, 5,27,687.0,0.097, NS
6, 43, 2,15,67.8,1.0, NS
41, 37, 215,104,37754.0,0.004, HH
33, 33, 142,62,33204.333333333336,0.0, HH
25, 29, 49,114,4415.6,0.813, NS
44, 42, 181,156,19326.777777777777,0.458, NS
10, 49, 20,100,1790.0,0.871, NS
51, 50, 419,141,85685.5,0.003, HH
2, 45, 1,1,10.076923076923077,1.0, NS
36, 43, 4,28,214.08,0.997, NS
28, 39, 114,210,7761.499999999999,0.998, NS
29, 40, 30,63,1684.2857142857144,1.0, NS
21, 36, 17,30,1346.9666666666667,0.942, NS
40, 49, 4,68,330.3076923076923,0.897, NS
25, 42, 64,255,11874.133333333333,0.0, LL
32, 50, 79,84,9367.142857142857,0.278, NS
24, 46, 10,41,281.0,1.0, NS
26, 6, 1,8,10.5,1.0, NS
18, 2, 1,2,70.16666666666667,0.968, NS
17, 43, 26,52,1145.4857142857143,1.0, NS
9, 39, 143,253,13051.30357142857,0.861, NS
10, 3, 49,148,4802.0,0.634, NS
21, 49, 9,20,368.53846153846155,1.0, NS
22, 13, 53,42,5748.733333333334,0.441, NS
14, 9, 157,144,33840.97619047619,0.0, HH
13, 50, 14,28,765.3333333333333,0.988, NS
48, 7, 121,149,13683.083333333332,0.314, NS
40, 3, 8,61,672.5714285714286,0.78, NS
6, 10, 36,143,5875.714285714286,0.0, LL
41, 4, 4,6,93.33333333333333,1.0, NS
44, 9, 50,118,4982.142857142857,0.632, NS
10, 16, 267,474,81137.48571428572,0.0, HH
51, 17, 18,35,816.4285714285713,1.0, NS
2, 12, 1,0,35.25,1.0, NS
36, 10, 38,177,9106.971428571429,0.0, LL
28, 6, 8,25,633.3333333333334,0.956, NS
47, 19, 32,87,3575.04,0.413, NS
5, 22, 258,61,40654.11111111111,0.003, HH
29, 7, 276,255,49231.5,0.0, HH
48, 20, 22,50,877.25,1.0, NS
21, 3, 22,61,999.4285714285714,1.0, NS
40, 16, 9,97,1534.05,0.006, LL
25, 9, 52,151,6370.742857142857,0.173, NS
32, 17, 105,187,16883.571428571428,0.002, HH
51, 30, 59,94,11525.28125,0.0, LL
24, 13, 67,128,11729.466666666667,0.001, LL
43, 26, 124,105,9628.6,0.888, NS
35, 22, 11,42,507.1,1.0, NS
1, 29, 4,81,381.85714285714283,0.715, NS
17, 10, 254,488,60778.57142857143,0.0, HH
9, 6, 16,42,1546.6666666666667,0.721, NS
28, 19, 132,205,22303.6,0.001, HH
47, 32, 114,193,20643.77142857143,0.0, HH
5, 35, 11,8,333.9111111111111,1.0, NS
21, 16, 13,51,1126.6666666666667,0.822, NS
20, 20, 427,165,78728.125,0.006, HH
39, 33, 109,159,10141.541666666668,0.827, NS
31, 29, 225,215,48492.857142857145,0.0, HH
23, 25, 4,27,152.4,1.0, NS
13, 17, 76,189,17768.8,0.0, LL
32, 30, 207,211,39984.267857142855,0.0, HH
24, 26, 9,10,119.625,1.0, NS
43, 39, 44,104,1279.3,1.0, NS
16, 22, 32,63,2522.6666666666665,0.926, NS
35, 35, 54,98,11160.720000000001,0.0, LL
1, 42, 23,196,4313.458333333333,0.001, LL
17, 23, 19,32,905.2142857142858,1.0, NS
9, 19, 70,144,8882.0,0.115, NS
50, 20, 415,179,72348.33333333334,0.034, HH
27, 36, 11,22,1499.96,0.078, NS
19, 32, 324,236,65133.25714285715,0.0, HH
30, 41, 99,97,15305.4,0.007, HH
20, 33, 82,142,7776.333333333333,0.691, NS
39, 46, 28,59,597.8000000000001,1.0, NS
12, 29, 28,28,963.4074074074074,1.0, NS
31, 42, 421,393,102291.30555555556,0.0, HH
4, 25, 1,4,9.0,1.0, NS
23, 38, 115,194,24736.5,0.0, HH
13, 30, 60,90,9628.5,0.002, LL
46, 27, 26,50,1433.12,0.996, NS
16, 35, 119,222,31216.079999999998,0.0, HH
49, 32, 24,37,1541.8775510204082,1.0, NS
26, 48, 6,16,77.25,1.0, NS
50, 33, 32,61,2176.0,0.953, NS
42, 29, 212,258,37165.619047619046,0.0, HH
8, 36, 3,2,233.39999999999998,0.89, NS
27, 49, 21,29,2024.4,0.7, NS
19, 45, 19,28,593.75,1.0, NS
11, 41, 35,75,1510.25,1.0, NS
12, 42, 24,40,1105.090909090909,1.0, NS
4, 38, 10,15,394.0,0.999, NS
45, 39, 33,43,450.2903225806451,1.0, NS
5, 2, 1,0,14.818181818181818,1.0, NS
46, 40, 2,18,28.4,1.0, NS
38, 36, 26,44,2842.3199999999997,0.401, NS
49, 45, 3,10,39.24,1.0, NS
7, 48, 127,157,13575.770833333332,0.462, NS
42, 42, 429,391,103722.66666666666,0.0, HH
8, 49, 3,28,176.67857142857144,0.998, NS
41, 46, 27,43,1891.0800000000002,0.968, NS
51, 10, 31,114,1637.4642857142856,1.0, NS
43, 6, 8,15,262.6666666666667,1.0, NS
35, 2, 1,1,72.25,0.937, NS
1, 9, 8,83,841.1428571428571,0.475, NS
34, 43, 4,10,119.68,1.0, NS
37, 48, 27,77,1617.3,0.996, NS
27, 3, 68,163,8727.8,0.168, NS
38, 49, 42,59,2163.6,1.0, NS
30, 8, 197,141,35946.34375,0.0, HH
39, 13, 123,162,15199.725,0.169, NS
31, 9, 227,350,52199.19047619048,0.0, HH
23, 5, 69,30,12893.416666666666,0.0, LL
25, 51, 27,47,1124.55,1.0, NS
24, 6, 27,87,4854.75,0.0, LL
16, 2, 1,1,63.1578947368421,0.987, NS
26, 15, 3,19,71.75,1.0, NS
8, 3, 30,76,2302.5,0.881, NS
27, 16, 91,220,24417.12,0.0, LL
19, 12, 27,52,1303.1052631578948,0.999, NS
11, 8, 12,41,430.5,0.999, NS
30, 21, 210,155,39886.875,0.0, HH
20, 13, 21,43,1790.25,0.794, NS
12, 9, 23,39,923.4074074074074,1.0, NS
4, 5, 17,14,1085.4814814814815,0.992, NS
23, 18, 10,17,481.66666666666663,0.998, NS
22, 22, 566,205,105857.72222222222,0.0, HH
46, 7, 203,230,27115.725,0.046, HH
38, 3, 89,107,5580.3,0.975, NS
49, 12, 29,45,1713.1481481481483,0.996, NS
15, 19, 371,168,74880.16666666667,0.0, HH
7, 15, 92,133,14116.25,0.004, LL
26, 28, 41,75,2179.833333333333,0.999, NS
18, 24, 46,127,9713.666666666666,0.0, LL
42, 9, 407,542,91090.47619047618,0.0, HH
8, 16, 18,95,2808.9,0.026, LL
19, 25, 64,197,9966.08,0.01, LL
11, 21, 31,44,811.1666666666667,1.0, NS
34, 10, 21,88,2365.2000000000003,0.328, NS
45, 19, 10,36,313.0,1.0, NS
37, 15, 147,132,21883.4,0.024, HH
3, 22, 18,35,678.8571428571429,1.0, NS
22, 35, 20,34,786.0,1.0, NS
14, 31, 217,159,52568.25,0.0, HH
46, 20, 115,139,10873.25,0.663, NS
38, 16, 72,69,10566.72,0.035, LL
49, 25, 26,114,2836.2285714285717,0.435, NS
15, 32, 685,342,169798.45238095237,0.0, HH
7, 28, 590,449,136498.9583333333,0.0, HH
48, 29, 61,138,5537.928571428572,0.821, NS
18, 37, 9,12,542.1,0.998, NS
41, 26, 10,30,340.5,1.0, NS
33, 22, 128,84,14392.888888888889,0.364, NS
25, 18, 25,97,4762.5,0.001, LL
44, 31, 157,128,25172.333333333336,0.002, HH
10, 38, 75,195,7705.714285714286,0.551, NS
2, 34, 1,0,67.75,0.968, NS
45, 32, 39,77,2475.107142857143,0.995, NS
37, 28, 313,349,66126.46666666667,0.0, HH
3, 35, 54,106,9480.0,0.007, LL
14, 44, 122,86,15246.611111111111,0.158, NS
47, 41, 21,76,2630.04,0.177, NS
29, 29, 517,164,115069.42857142858,0.0, HH
48, 42, 350,473,66169.44444444444,0.0, HH
21, 25, 18,58,1001.4,0.998, NS
40, 38, 3,41,153.75,0.999, NS
6, 45, 3,4,48.875,1.0, NS
41, 39, 30,79,1692.0,1.0, NS
33, 35, 62,87,8768.866666666667,0.038, LL
25, 31, 43,141,6417.033333333333,0.017, LL
44, 44, 1697,582,395118.1666666667,0.0, HH
10, 51, 77,97,3883.0,1.0, NS
2, 47, 2,2,103.6842105263158,0.997, NS
43, 48, 31,64,1205.8999999999999,1.0, NS
17, 32, 116,122,17485.224489795917,0.0, HH
28, 41, 217,226,43023.86666666667,0.0, HH
29, 42, 350,257,66341.66666666666,0.0, HH
21, 38, 81,145,13969.8,0.001, LL
40, 51, 3,20,79.875,1.0, NS
22, 2, 1,2,20.833333333333332,1.0, NS
13, 39, 127,200,15605.125,0.145, NS
24, 48, 88,290,14637.333333333334,0.002, LL
16, 44, 61,79,5292.766666666666,0.859, NS
18, 4, 3,4,27.833333333333336,1.0, NS
17, 45, 26,29,595.2142857142857,1.0, NS
9, 41, 65,112,8606.0,0.071, NS
10, 5, 20,11,727.936507936508,1.0, NS
12, 51, 8,21,166.85714285714286,1.0, NS
3, 2, 13,7,823.875,0.975, NS
14, 11, 22,35,937.75,1.0, NS
47, 8, 117,149,26371.8,0.0, HH
48, 9, 308,317,47842.66666666667,0.005, HH
6, 12, 12,46,1077.8181818181818,0.777, NS
42, 51, 66,92,4631.0,0.97, NS
41, 6, 9,29,673.5,0.965, NS
33, 2, 2,3,96.36363636363636,0.999, NS
44, 11, 28,34,686.0,1.0, NS
10, 18, 65,208,12478.452380952382,0.0, LL
51, 19, 58,80,5043.1,0.782, NS
2, 14, 1,0,41.583333333333336,1.0, NS
43, 15, 71,75,5724.966666666667,0.927, NS
36, 12, 9,56,598.7368421052631,0.969, NS
28, 8, 175,218,35036.458333333336,0.0, HH
47, 21, 23,69,1826.9666666666667,0.939, NS
5, 24, 10,9,301.6666666666667,1.0, NS
29, 9, 157,173,24870.08163265306,0.001, HH
21, 5, 106,45,20118.40740740741,0.0, HH
40, 18, 3,54,319.5,0.463, NS
6, 25, 31,113,5891.033333333333,0.0, LL
13, 6, 15,33,2025.5,0.06, NS
32, 19, 316,217,55760.45714285714,0.0, HH
51, 32, 65,122,9933.392857142859,0.018, LL
24, 15, 75,192,13689.583333333332,0.0, LL
43, 28, 538,428,92069.73333333332,0.001, HH
16, 11, 31,97,2422.65,0.907, NS
35, 24, 59,196,12390.0,0.0, LL
1, 31, 3,75,470.625,0.015, LL
17, 12, 13,27,775.8214285714286,0.997, NS
36, 25, 13,85,2967.12,0.0, LL
9, 8, 193,228,39351.32142857143,0.0, HH
28, 21, 318,310,56489.166666666664,0.0, HH
5, 37, 55,17,6439.888888888889,0.247, NS
20, 22, 123,127,12494.75,0.567, NS
39, 35, 168,348,25586.4,0.004, HH
12, 18, 4,18,280.72727272727275,0.96, NS
31, 31, 220,169,60781.11111111111,0.0, HH
23, 27, 8,51,706.4,0.775, NS
13, 19, 103,126,17827.24,0.002, HH
32, 32, 547,269,126122.57142857143,0.0, HH
24, 28, 36,112,3561.0,0.654, NS
16, 24, 114,217,30559.6,0.0, HH
35, 37, 13,42,745.68,0.999, NS
1, 44, 2,36,104.25,1.0, NS
9, 21, 59,85,4476.976190476191,0.975, NS
50, 22, 90,117,8135.0,0.734, NS
42, 18, 89,180,17451.416666666668,0.0, LL
8, 25, 3,72,230.54999999999998,0.891, NS
27, 38, 53,108,8363.400000000001,0.014, LL
19, 34, 10,34,653.1999999999999,0.986, NS
30, 43, 394,208,70752.54999999999,0.0, HH
20, 35, 13,27,590.1999999999999,1.0, NS
12, 31, 7,38,310.625,1.0, NS
31, 44, 127,110,18848.916666666664,0.015, HH
4, 27, 2,7,29.066666666666666,1.0, NS
23, 40, 3,13,62.8125,1.0, NS
46, 29, 136,190,17796.571428571428,0.095, NS
38, 25, 47,101,3932.9600000000005,0.864, NS
49, 34, 14,37,1576.8000000000002,0.35, NS
15, 41, 189,161,38467.8,0.0, HH
26, 50, 23,29,1314.8333333333333,0.981, NS
18, 46, 13,21,422.9333333333333,1.0, NS
50, 35, 5,19,173.66666666666669,0.999, NS
42, 31, 334,373,83045.38888888889,0.0, HH
8, 38, 111,321,29265.149999999998,0.0, HH
27, 51, 8,31,404.4,1.0, NS
19, 47, 25,96,3088.0,0.198, NS
11, 43, 14,32,267.40000000000003,1.0, NS
34, 32, 14,30,1032.4,0.976, NS
45, 41, 20,38,1083.0,0.997, NS
37, 37, 257,107,50269.2,0.0, HH
47, 1, 7,36,603.0500000000001,0.785, NS
5, 4, 21,6,1220.3333333333335,0.997, NS
46, 42, 58,103,3375.6000000000004,0.997, NS
38, 38, 366,241,88659.84,0.0, HH
49, 47, 32,72,2580.705882352941,0.934, NS
7, 50, 32,40,2273.3333333333335,0.962, NS
39, 2, 11,4,685.1935483870967,0.997, NS
41, 48, 27,84,2667.6,0.651, NS
43, 8, 30,49,2661.0,0.764, NS
35, 4, 1,7,8.666666666666666,1.0, NS
1, 11, 3,85,243.375,0.845, NS
34, 45, 3,6,39.3,1.0, NS
37, 50, 146,121,25170.4,0.014, HH
27, 5, 9,19,508.4,1.0, NS
19, 1, 61,91,8954.800000000001,0.055, NS
30, 10, 59,115,4663.107142857143,0.979, NS
39, 15, 89,237,10214.604166666666,0.27, NS
31, 11, 52,93,2593.5,1.0, NS
23, 7, 218,241,40445.8125,0.0, HH
16, 4, 6,9,99.20000000000002,1.0, NS
49, 1, 5,26,415.5769230769231,0.863, NS
15, 8, 34,81,4510.666666666666,0.119, NS
26, 17, 2,4,24.357142857142858,1.0, NS
18, 13, 57,68,11856.0,0.0, LL
8, 5, 25,25,3288.8888888888887,0.09, NS
27, 18, 73,113,14422.366666666667,0.0, LL
19, 14, 76,151,14095.466666666667,0.001, LL
11, 10, 102,334,7154.571428571428,0.971, NS
30, 23, 239,155,42504.65625,0.001, HH
12, 11, 47,43,1739.0,1.0, NS
4, 7, 11,29,406.5416666666667,1.0, NS
45, 8, 50,79,5618.75,0.387, NS
22, 24, 15,35,594.1666666666667,1.0, NS
14, 20, 61,57,5118.916666666667,0.826, NS
46, 9, 45,96,3614.1428571428573,0.948, NS
38, 5, 162,66,20214.0,0.124, NS
49, 14, 16,29,972.5714285714286,1.0, NS
15, 21, 98,103,10311.77777777778,0.48, NS
7, 17, 36,82,3747.857142857143,0.553, NS
26, 30, 48,52,3426.0,0.976, NS
42, 11, 59,157,3075.375,0.999, NS
8, 18, 4,37,422.1666666666667,0.504, NS
41, 15, 173,159,35436.16666666667,0.0, HH
11, 23, 8,12,119.5,1.0, NS
44, 20, 614,277,113180.66666666667,0.001, HH
10, 27, 99,270,16513.2,0.001, HH
34, 12, 8,37,594.1052631578947,0.934, NS
45, 21, 116,154,13905.5,0.251, NS
37, 17, 29,74,2130.2571428571428,0.977, NS
3, 24, 45,97,7200.0,0.012, LL
22, 37, 136,108,15345.333333333332,0.353, NS
14, 33, 205,100,45640.97222222222,0.0, HH
38, 18, 43,36,3673.6333333333337,0.86, NS
7, 30, 406,250,83128.5,0.0, HH
48, 31, 110,169,17266.944444444445,0.002, HH
40, 27, 3,49,236.70000000000002,0.871, NS
6, 34, 5,53,721.1666666666666,0.034, LL
41, 28, 210,288,48979.0,0.0, HH
33, 24, 78,96,10868.0,0.026, LL
25, 20, 26,42,1255.8,1.0, NS
44, 33, 157,131,17483.694444444445,0.369, NS
10, 40, 151,306,23685.428571428572,0.01, HH
34, 25, 13,78,1860.0400000000002,0.049, LL
37, 30, 151,157,28727.75,0.0, HH
3, 37, 19,42,982.7222222222222,0.999, NS
36, 34, 4,17,378.88,0.693, NS
47, 43, 45,115,3328.2,0.95, NS
5, 46, 232,45,41363.02222222222,0.0, HH
29, 31, 359,240,86920.73809523809,0.0, HH
48, 44, 50,80,2850.0,1.0, NS
21, 27, 16,43,955.7333333333333,0.995, NS
40, 40, 43,150,5345.4375,0.237, NS
6, 47, 4,31,410.1333333333333,0.56, NS
33, 37, 136,88,15807.733333333334,0.274, NS
25, 33, 44,134,6558.933333333333,0.017, LL
32, 41, 267,168,52835.48571428571,0.0, HH
2, 49, 2,1,109.28571428571429,0.996, NS
43, 50, 689,264,132379.86666666667,0.001, HH
35, 46, 14,24,417.2,1.0, NS
17, 34, 14,32,1797.1999999999998,0.117, NS
36, 47, 7,33,841.68,0.235, NS
9, 30, 149,165,24619.589285714286,0.0, HH
28, 43, 541,331,85045.2,0.006, HH
29, 44, 600,254,125400.0,0.0, HH
21, 40, 9,22,312.75,1.0, NS
22, 4, 56,23,3067.5555555555557,0.991, NS
13, 41, 49,79,7939.96,0.006, LL
24, 50, 10,27,352.77777777777777,1.0, NS
16, 46, 28,32,1394.3999999999999,1.0, NS
17, 47, 87,147,13579.457142857143,0.005, LL
9, 43, 59,91,4060.885714285714,0.99, NS
10, 7, 82,202,8239.535714285714,0.671, NS
2, 3, 4,2,249.5,0.978, NS
4, 49, 2,2,11.058823529411764,1.0, NS
3, 4, 1,2,6.777777777777778,1.0, NS
36, 1, 13,25,2477.7999999999997,0.002, LL
47, 10, 56,261,7190.400000000001,0.11, NS
48, 11, 63,112,2945.25,1.0, NS
40, 7, 9,47,434.25,1.0, NS
6, 14, 2,10,168.83333333333334,0.909, NS
33, 4, 11,11,235.27777777777777,1.0, NS
32, 8, 73,126,11328.035714285714,0.013, LL
51, 21, 683,244,197358.54166666666,0.0, HH
43, 17, 25,39,1095.7142857142858,1.0, NS
17, 1, 50,119,9510.714285714286,0.001, LL
36, 14, 4,34,629.4666666666667,0.012, LL
28, 10, 148,319,20018.761904761905,0.051, NS
47, 23, 61,125,8350.9,0.101, NS
5, 26, 59,14,5844.277777777778,0.616, NS
29, 11, 66,79,2614.0714285714284,1.0, NS
21, 7, 69,139,8189.4375,0.201, NS
39, 24, 140,347,21781.666666666668,0.001, HH
13, 8, 83,113,16898.8,0.0, LL
32, 21, 226,180,35325.952380952374,0.0, HH
51, 34, 11,14,375.1,1.0, NS
24, 17, 73,180,15622.0,0.0, LL
43, 30, 285,228,56194.875,0.0, HH
16, 13, 176,183,55848.32,0.0, HH
35, 26, 3,7,39.75,1.0, NS
1, 33, 7,86,1026.6666666666665,0.035, LL
17, 14, 34,44,4607.809523809524,0.051, NS
9, 10, 151,328,20514.428571428572,0.03, HH
28, 23, 142,191,22288.083333333336,0.018, HH
5, 39, 20,8,463.7142857142857,1.0, NS
20, 24, 15,34,706.875,1.0, NS
39, 37, 27,82,1185.3,1.0, NS
12, 20, 12,24,320.3076923076923,1.0, NS
31, 33, 207,185,51934.0,0.0, HH
23, 29, 63,169,10172.25,0.012, LL
13, 21, 36,50,2860.8,0.917, NS
24, 30, 31,55,2177.75,0.998, NS
16, 26, 9,17,211.95000000000002,1.0, NS
1, 46, 2,9,43.7,1.0, NS
50, 24, 10,33,370.0,1.0, NS
42, 20, 59,121,4656.083333333334,0.894, NS
8, 27, 32,83,5422.4,0.005, LL
27, 40, 9,48,719.5500000000001,0.857, NS
19, 36, 80,69,13664.0,0.0, LL
11, 32, 53,122,2648.107142857143,1.0, NS
30, 45, 167,114,17404.53125,0.508, NS
20, 37, 303,205,62387.700000000004,0.0, HH
12, 33, 23,34,966.0,1.0, NS
4, 29, 10,12,329.04761904761904,1.0, NS
23, 42, 30,115,2887.5,0.686, NS
46, 31, 57,91,5624.0,0.634, NS
38, 27, 80,87,11100.8,0.068, NS
49, 36, 4,21,306.7878787878788,0.96, NS
15, 43, 95,90,7555.666666666666,0.924, NS
7, 39, 92,132,6158.25,0.999, NS
18, 48, 98,135,18189.88888888889,0.0, HH
50, 37, 142,118,26572.93333333333,0.006, HH
42, 33, 446,452,106965.66666666667,0.0, HH
8, 40, 3,16,122.4375,0.998, NS
19, 49, 12,47,712.2352941176471,1.0, NS
11, 45, 12,16,93.0,1.0, NS
51, 1, 5,34,221.875,0.999, NS
34, 34, 17,26,2271.8799999999997,0.109, NS
45, 43, 487,336,60217.55,0.217, NS
37, 39, 30,95,1285.5,1.0, NS
3, 46, 13,28,331.11764705882354,1.0, NS
46, 44, 285,242,43624.0,0.012, HH
38, 40, 17,43,797.3,1.0, NS
49, 49, 43,40,4141.4375,0.769, NS
39, 4, 5,8,33.47826086956522,1.0, NS
41, 50, 54,63,7225.200000000001,0.144, NS
33, 46, 97,54,5962.266666666666,0.993, NS
32, 1, 36,78,5302.285714285714,0.026, LL
35, 6, 15,57,2663.0,0.001, LL
1, 13, 12,54,2060.3999999999996,0.005, LL
34, 47, 12,41,1039.1999999999998,0.825, NS
27, 7, 67,125,11116.975,0.0, LL
19, 3, 25,66,1525.0,0.983, NS
30, 12, 15,23,428.22580645161287,1.0, NS
20, 4, 14,17,416.5,0.999, NS
31, 13, 166,192,43364.73333333334,0.0, HH
23, 9, 56,102,7108.0,0.154, NS
49, 3, 42,48,4921.777777777778,0.261, NS
15, 10, 445,658,117427.02380952382,0.0, HH
7, 6, 8,35,555.5,0.998, NS
26, 19, 6,22,120.30000000000001,1.0, NS
18, 15, 29,83,5484.222222222223,0.0, LL
50, 4, 5,9,158.88888888888889,0.999, NS
8, 7, 223,313,53450.3125,0.0, HH
27, 20, 10,34,453.5,1.0, NS
19, 16, 76,171,18176.16,0.0, LL
11, 12, 50,44,2033.3333333333333,0.999, NS
30, 25, 20,78,1383.0,0.99, NS
34, 1, 17,22,1731.4499999999998,0.539, NS
4, 9, 6,9,132.28571428571428,1.0, NS
45, 10, 18,35,353.57142857142856,1.0, NS
37, 6, 9,12,472.20000000000005,0.999, NS
3, 13, 42,78,4832.210526315789,0.344, NS
22, 26, 189,92,17805.375,0.655, NS
14, 22, 121,78,17629.02777777778,0.019, HH
46, 11, 8,19,81.2,1.0, NS
38, 7, 466,328,104384.0,0.0, HH
49, 16, 17,34,1975.0,0.282, NS
15, 23, 18,40,1298.25,0.966, NS
7, 19, 77,132,8585.5,0.386, NS
26, 32, 12,32,461.57142857142856,1.0, NS
18, 28, 44,70,4983.0,0.311, NS
41, 17, 32,95,3840.0,0.236, NS
33, 13, 247,114,64154.13333333334,0.0, HH
44, 22, 502,337,73473.27777777778,0.013, HH
10, 29, 126,244,14243.142857142857,0.305, NS
2, 25, 3,1,166.64999999999998,0.99, NS
34, 14, 6,9,405.80000000000007,0.986, NS
45, 23, 314,285,58266.625,0.003, HH
37, 19, 187,144,25087.92,0.11, NS
3, 26, 4,8,45.53846153846154,1.0, NS
22, 39, 36,60,1112.25,1.0, NS
14, 35, 44,34,4317.866666666667,0.641, NS
29, 20, 330,225,59482.5,0.0, HH
48, 33, 166,137,28040.166666666664,0.001, HH
40, 29, 9,86,493.07142857142856,0.998, NS
6, 36, 4,12,568.0,0.04, LL
41, 30, 69,115,12642.525,0.0, LL
33, 26, 34,20,976.0833333333333,1.0, NS
25, 22, 11,40,471.53333333333336,1.0, NS
44, 35, 31,46,1523.1333333333332,1.0, NS
10, 42, 316,663,69000.85714285714,0.0, HH
51, 43, 822,320,225762.3,0.0, HH
2, 38, 3,3,110.69999999999999,0.999, NS
36, 36, 12,14,2459.04,0.0, LL
28, 32, 439,355,98900.42857142857,0.0, HH
47, 45, 45,92,2828.25,0.981, NS
5, 48, 17,11,578.6296296296297,1.0, NS
29, 33, 379,260,74202.78571428571,0.0, HH
48, 46, 36,49,1132.8,1.0, NS
21, 29, 461,375,110837.57142857142,0.0, HH
40, 42, 9,122,979.875,0.42, NS
6, 49, 11,72,1362.625,0.145, NS
25, 35, 60,233,11971.2,0.0, LL
32, 43, 197,129,25897.057142857142,0.066, NS
24, 39, 141,384,21429.0625,0.004, HH
35, 48, 116,285,20423.733333333334,0.001, HH
17, 36, 26,65,5384.228571428572,0.0, LL
36, 49, 2,30,161.76470588235293,0.921, NS
9, 32, 220,228,39115.102040816324,0.0, HH
28, 45, 129,141,10099.625,0.91, NS
21, 42, 64,124,6293.333333333333,0.646, NS
20, 46, 100,125,9910.0,0.581, NS
23, 51, 50,99,6746.875,0.161, NS
22, 6, 1,10,32.361111111111114,1.0, NS
14, 2, 5,5,214.58333333333331,1.0, NS
13, 43, 34,52,2317.44,0.97, NS
16, 48, 229,282,59623.96666666667,0.0, HH
6, 3, 12,51,1716.0,0.061, NS
17, 49, 26,45,2716.2040816326535,0.522, NS
9, 45, 62,65,3004.785714285714,1.0, NS
50, 46, 93,78,9337.2,0.579, NS
10, 9, 134,362,19339.755102040817,0.01, HH
4, 51, 14,33,635.8333333333333,0.994, NS
36, 3, 2,39,164.21052631578948,0.838, NS
47, 12, 14,42,575.4,1.0, NS
5, 15, 18,13,1085.6666666666667,1.0, NS
48, 13, 267,253,56408.200000000004,0.0, HH
40, 9, 8,67,527.7142857142857,0.99, NS
6, 16, 10,37,1986.0,0.0, LL
25, 2, 1,1,65.89473684210526,0.967, NS
32, 10, 301,464,52810.14285714286,0.0, HH
51, 23, 40,86,5232.5,0.196, NS
43, 19, 50,49,3761.9999999999995,0.948, NS
35, 15, 62,160,11100.066666666666,0.0, LL
17, 3, 39,88,4962.75,0.154, NS
36, 16, 19,102,5762.32,0.0, LL
28, 12, 32,37,1326.6666666666667,1.0, NS
47, 25, 20,156,2353.6000000000004,0.275, NS
5, 28, 271,66,37327.74074074074,0.02, HH
21, 9, 34,71,2856.0,0.919, NS
39, 26, 9,15,87.38709677419354,1.0, NS
31, 22, 65,106,9007.916666666668,0.036, LL
13, 10, 157,326,33387.171428571426,0.0, HH
32, 23, 49,75,5335.75,0.442, NS
51, 36, 10,16,630.0,0.989, NS
24, 19, 31,101,3117.5666666666666,0.595, NS
43, 32, 134,116,18775.31428571429,0.041, HH
16, 15, 206,282,65611.0,0.0, HH
35, 28, 53,126,5398.933333333333,0.573, NS
1, 35, 6,77,1026.6,0.012, LL
17, 16, 136,162,41934.62857142858,0.0, HH
9, 12, 17,45,646.6296296296297,1.0, NS
50, 13, 11,33,726.7333333333333,0.95, NS
27, 29, 23,93,2622.657142857143,0.332, NS
30, 34, 11,13,492.25,1.0, NS
20, 26, 38,52,2030.625,0.995, NS
39, 39, 466,775,55184.59375,0.152, NS
12, 22, 2,11,35.904761904761905,1.0, NS
31, 35, 59,123,7609.033333333334,0.131, NS
23, 31, 36,87,5409.0,0.032, LL
13, 23, 34,33,3160.3,0.685, NS
16, 28, 109,170,21414.86666666667,0.0, HH
26, 41, 10,19,325.0,1.0, NS
50, 26, 22,32,1274.1666666666665,0.952, NS
42, 22, 81,126,7719.75,0.712, NS
8, 29, 51,169,8690.035714285714,0.002, LL
27, 42, 116,317,26583.333333333332,0.0, HH
19, 38, 72,170,12528.0,0.004, LL
11, 34, 43,62,3446.4500000000003,0.882, NS
30, 47, 131,103,22047.300000000003,0.0, HH
12, 35, 13,30,1002.4444444444445,0.89, NS
4, 31, 4,13,110.22222222222223,1.0, NS
23, 44, 131,177,21533.125,0.007, HH
22, 48, 33,49,1640.8333333333333,1.0, NS
46, 33, 57,91,3847.5,0.996, NS
38, 29, 339,235,68933.22857142858,0.001, HH
49, 38, 57,57,3024.2571428571428,1.0, NS
15, 45, 25,48,930.2083333333334,0.999, NS
7, 41, 95,145,13278.625,0.036, HH
18, 50, 6,15,221.66666666666666,1.0, NS
42, 35, 134,227,22936.333333333332,0.003, HH
8, 42, 40,203,7348.333333333334,0.001, LL
19, 51, 56,67,4466.0,0.872, NS
11, 47, 30,105,1495.5,0.998, NS
51, 3, 14,40,562.0,0.999, NS
34, 36, 5,17,462.40000000000003,0.71, NS
45, 45, 655,300,111350.0,0.012, HH
37, 41, 319,143,56973.4,0.002, HH
3, 48, 74,127,8883.52380952381,0.259, NS
38, 42, 192,233,36044.799999999996,0.0, HH
30, 1, 9,28,563.625,0.995, NS
39, 6, 51,124,6975.312500000001,0.032, LL
31, 2, 2,8,86.69565217391305,1.0, NS
33, 48, 192,134,33322.666666666664,0.0, HH
25, 44, 16,45,816.5333333333333,0.999, NS
34, 49, 11,40,1275.3529411764705,0.29, NS
26, 8, 15,49,985.3125,0.959, NS
27, 9, 146,215,30184.45714285714,0.0, HH
19, 5, 6,7,329.59999999999997,1.0, NS
11, 1, 29,81,2055.375,0.918, NS
30, 14, 188,116,38802.41666666667,0.0, HH
21, 51, 587,278,164090.95833333334,0.0, HH
20, 6, 7,20,297.5,1.0, NS
23, 11, 7,15,115.5,1.0, NS
22, 15, 63,71,5493.25,0.874, NS
49, 5, 3,4,65.26315789473685,1.0, NS
15, 12, 23,60,1560.0,0.973, NS
7, 8, 429,285,92731.03125,0.0, HH
26, 21, 25,50,1979.1666666666667,0.899, NS
18, 17, 39,85,8542.857142857143,0.0, LL
50, 6, 8,17,294.6666666666667,1.0, NS
8, 9, 138,242,30019.92857142857,0.0, HH
19, 18, 13,56,1499.7666666666667,0.314, NS
11, 14, 17,30,782.7083333333333,0.999, NS
34, 3, 28,60,3920.0,0.083, NS
45, 12, 2,12,13.733333333333333,1.0, NS
37, 8, 34,84,3403.3999999999996,0.599, NS
3, 15, 40,65,3862.608695652174,0.646, NS
22, 28, 360,308,66520.0,0.0, HH
14, 24, 34,52,3418.888888888889,0.593, NS
46, 13, 28,42,1756.1599999999999,0.993, NS
38, 9, 220,243,43107.42857142857,0.0, HH
49, 18, 24,30,3096.6000000000004,0.082, NS
15, 25, 130,289,31399.333333333332,0.0, HH
7, 21, 98,120,10822.875,0.395, NS
48, 22, 36,70,1879.0,1.0, NS
18, 30, 15,28,1224.0625,0.96, NS
41, 19, 206,152,31287.28,0.019, HH
33, 15, 365,208,86839.58333333333,0.0, HH
25, 11, 48,176,4783.200000000001,0.599, NS
44, 24, 32,70,1582.2222222222222,1.0, NS
10, 31, 156,339,28845.142857142855,0.0, HH
2, 27, 2,1,111.47368421052632,0.992, NS
34, 16, 7,27,979.16,0.073, NS
45, 25, 3,22,53.099999999999994,1.0, NS
37, 21, 397,273,89708.76666666666,0.0, HH
3, 28, 49,144,3752.583333333333,0.922, NS
14, 37, 80,85,10154.666666666668,0.142, NS
47, 34, 8,31,675.84,0.855, NS
29, 22, 196,208,29059.333333333332,0.01, HH
48, 35, 121,226,21780.0,0.001, HH
21, 18, 6,28,302.5,1.0, NS
40, 31, 2,51,170.16666666666666,0.839, NS
6, 38, 12,25,793.6000000000001,0.992, NS
41, 32, 194,179,41427.31428571429,0.0, HH
33, 28, 700,230,159405.55555555556,0.0, HH
25, 24, 74,264,16252.866666666667,0.0, LL
44, 37, 403,234,72472.83333333334,0.001, HH
10, 44, 59,82,3811.119047619048,0.999, NS
51, 45, 164,165,19065.0,0.348, NS
43, 41, 72,72,9607.68,0.112, NS
17, 25, 133,239,31870.600000000002,0.0, HH
36, 38, 11,49,1359.6,0.212, NS
28, 34, 20,24,1309.3333333333335,0.996, NS
47, 47, 222,271,56654.399999999994,0.0, HH
5, 50, 62,16,7674.222222222222,0.195, NS
29, 35, 66,59,5272.457142857143,0.948, NS
21, 31, 69,139,11109.0,0.001, LL
40, 44, 2,34,70.16666666666667,1.0, NS
6, 51, 5,17,171.66666666666669,1.0, NS
39, 48, 200,407,23325.0,0.247, NS
13, 32, 160,219,34294.857142857145,0.0, HH
32, 45, 53,69,3049.392857142857,0.998, NS
24, 41, 23,61,1900.5666666666668,0.901, NS
16, 37, 25,56,2709.0,0.43, NS
35, 50, 3,22,107.79999999999998,1.0, NS
26, 1, 1,4,10.4375,1.0, NS
17, 38, 57,82,5672.314285714286,0.627, NS
36, 51, 3,13,176.85000000000002,0.992, NS
9, 34, 15,41,1140.4285714285713,0.972, NS
28, 47, 155,185,32110.833333333332,0.0, HH
20, 48, 9,46,384.75,1.0, NS
12, 44, 6,12,127.04347826086956,1.0, NS
22, 8, 215,171,38028.125,0.001, HH
14, 4, 11,7,337.94444444444446,1.0, NS
13, 45, 36,29,1436.3999999999999,1.0, NS
16, 50, 17,36,1078.9333333333334,0.958, NS
48, 2, 2,5,96.43478260869566,1.0, NS
6, 5, 1,6,27.30188679245283,1.0, NS
9, 47, 411,405,96678.94285714286,0.0, HH
50, 48, 9,35,301.0,1.0, NS
42, 44, 149,155,15467.027777777777,0.512, NS
8, 51, 13,36,1099.3125,0.791, NS
44, 4, 28,25,1141.7777777777778,1.0, NS
10, 11, 76,302,5529.0,0.968, NS
51, 12, 16,41,453.7142857142857,1.0, NS
2, 7, 2,1,78.33333333333333,1.0, NS
36, 5, 1,2,38.422222222222224,1.0, NS
28, 1, 17,47,1853.7083333333335,0.448, NS
47, 14, 109,179,28648.833333333332,0.0, HH
5, 17, 5,3,171.42857142857142,1.0, NS
38, 51, 99,83,12379.949999999999,0.211, NS
29, 2, 2,4,70.46153846153847,1.0, NS
40, 11, 9,138,697.5,0.887, NS
6, 18, 7,28,1178.1388888888887,0.001, LL
32, 12, 53,55,2538.111111111111,1.0, NS
51, 25, 8,48,374.4,0.999, NS
24, 8, 10,62,841.6666666666667,0.855, NS
43, 21, 701,352,191139.33333333334,0.0, HH
35, 17, 70,143,14952.0,0.0, LL
1, 24, 22,103,4240.5,0.002, LL
17, 5, 10,5,369.3650793650794,1.0, NS
36, 18, 3,41,504.1,0.001, LL
9, 1, 26,63,2504.3571428571427,0.642, NS
28, 14, 302,191,78008.27777777778,0.0, HH
47, 27, 94,236,20473.2,0.0, HH
5, 30, 167,32,27269.708333333332,0.0, HH
20, 15, 71,130,8549.583333333334,0.238, NS
39, 28, 123,226,9319.8125,0.992, NS
31, 24, 60,133,7779.999999999999,0.104, NS
23, 20, 56,102,5446.0,0.62, NS
13, 12, 8,18,393.77777777777777,0.998, NS
32, 25, 76,222,11673.6,0.007, LL
24, 21, 18,39,846.5,1.0, NS
43, 34, 9,12,260.28000000000003,1.0, NS
16, 17, 170,229,53083.71428571429,0.0, HH
35, 30, 30,67,2195.25,0.986, NS
1, 37, 5,30,388.5,0.902, NS
9, 14, 147,164,32448.5,0.0, HH
50, 15, 40,53,3895.5555555555557,0.617, NS
27, 31, 46,136,9426.933333333334,0.0, LL
19, 27, 18,67,2217.6,0.224, NS
30, 36, 11,32,974.05,0.869, NS
20, 28, 223,275,42509.375,0.002, HH
39, 41, 36,86,2112.2999999999997,0.999, NS
12, 24, 15,32,1241.0869565217392,0.87, NS
31, 37, 120,147,19604.0,0.008, HH
4, 20, 7,32,190.75,1.0, NS
23, 33, 36,87,4143.0,0.305, NS
46, 22, 935,389,181140.66666666666,0.0, HH
16, 30, 53,73,6786.650000000001,0.107, NS
49, 27, 30,48,2883.5294117647063,0.675, NS
15, 34, 18,37,1894.8,0.5, NS
26, 43, 131,140,10696.150000000001,0.841, NS
18, 39, 108,197,16708.5,0.002, HH
50, 28, 130,200,18618.88888888889,0.088, NS
42, 24, 112,227,19102.22222222222,0.002, HH
8, 31, 66,262,15501.75,0.0, LL
27, 44, 24,72,1879.1999999999998,0.942, NS
19, 40, 35,71,3160.5,0.752, NS
11, 36, 10,50,626.5,0.983, NS
30, 49, 11,31,469.59999999999997,1.0, NS
12, 37, 13,27,413.11111111111114,1.0, NS
4, 33, 7,10,140.77777777777777,1.0, NS
45, 34, 3,4,38.05263157894737,1.0, NS
22, 50, 111,100,10107.166666666666,0.715, NS
14, 46, 75,39,6717.5,0.812, NS
46, 35, 5,14,122.0,1.0, NS
38, 31, 264,290,65040.8,0.0, HH
49, 40, 20,53,1576.296296296296,0.908, NS
15, 47, 98,191,18456.666666666668,0.0, HH
7, 43, 135,127,13965.75,0.551, NS
8, 44, 40,83,5233.333333333334,0.127, NS
41, 41, 133,89,23663.359999999997,0.003, HH
11, 49, 44,84,2977.3333333333335,0.983, NS
44, 46, 350,232,50493.333333333336,0.028, HH
43, 1, 9,20,341.55,1.0, NS
34, 38, 4,21,228.64,0.998, NS
45, 47, 58,99,3894.7000000000003,0.965, NS
37, 43, 242,230,50490.88,0.0, HH
3, 50, 8,18,315.55555555555554,0.994, NS
30, 3, 35,46,1826.774193548387,0.999, NS
39, 8, 30,90,1973.4375,0.995, NS
31, 4, 10,14,284.44444444444446,1.0, NS
33, 50, 57,32,3306.0,0.99, NS
25, 46, 14,33,372.96000000000004,1.0, NS
15, 1, 77,133,16426.666666666668,0.0, LL
34, 51, 7,17,220.15,1.0, NS
26, 10, 6,32,75.64285714285714,1.0, NS
18, 6, 14,30,2406.833333333333,0.0, LL
27, 11, 29,99,1494.9499999999998,0.998, NS
19, 7, 60,114,7596.0,0.099, NS
11, 3, 82,156,6975.466666666666,0.774, NS
30, 16, 72,57,8713.800000000001,0.18, NS
45, 1, 1,9,15.8125,1.0, NS
22, 17, 12,35,580.0,1.0, NS
14, 13, 145,65,32716.833333333332,0.0, HH
49, 7, 29,50,1656.2222222222224,1.0, NS
15, 14, 115,134,26587.361111111113,0.0, HH
7, 10, 77,218,7319.125,0.776, NS
26, 23, 96,104,11964.0,0.239, NS
18, 19, 17,35,1724.3666666666668,0.579, NS
42, 4, 10,23,186.66666666666669,1.0, NS
8, 11, 10,38,349.375,1.0, NS
41, 8, 25,74,2872.5,0.346, NS
11, 16, 24,73,1836.0,0.905, NS
44, 13, 54,52,5472.0,0.584, NS
10, 20, 71,128,4173.785714285714,0.999, NS
34, 5, 3,1,67.56818181818181,1.0, NS
45, 14, 24,40,1578.0,0.986, NS
37, 10, 140,181,12608.000000000002,0.829, NS
3, 17, 36,88,5080.32,0.05, NS
22, 30, 449,227,86750.54166666667,0.0, HH
14, 26, 20,23,778.3333333333333,1.0, NS
38, 11, 33,69,1260.6000000000001,1.0, NS
7, 23, 287,197,46144.21875,0.004, HH
48, 24, 146,271,25598.666666666668,0.0, HH
40, 20, 5,52,152.1875,1.0, NS
6, 27, 4,26,530.0,0.087, NS
41, 21, 177,128,29488.2,0.004, HH
33, 17, 113,107,21096.023809523813,0.0, HH
25, 13, 33,117,6072.0,0.002, LL
44, 26, 56,75,3959.6666666666665,0.968, NS
10, 33, 176,356,32187.04761904762,0.0, HH
2, 29, 2,0,68.44444444444444,1.0, NS
34, 18, 8,14,1145.8666666666666,0.04, LL
37, 23, 37,60,3875.75,0.477, NS
3, 30, 34,56,2044.5333333333333,1.0, NS
36, 27, 3,32,444.48,0.034, LL
47, 36, 7,35,778.96,0.355, NS
29, 24, 42,69,3475.0,0.943, NS
48, 37, 41,63,2398.5,0.998, NS
21, 20, 486,220,106839.0,0.0, HH
40, 33, 9,74,741.75,0.858, NS
6, 40, 19,82,2485.8333333333335,0.134, NS
33, 30, 367,150,63192.8125,0.0, HH
25, 26, 4,15,59.6,1.0, NS
32, 34, 17,26,1216.7142857142858,0.975, NS
51, 47, 33,71,2116.9500000000003,0.967, NS
2, 42, 1,3,44.54545454545455,1.0, NS
43, 43, 2236,574,585295.36,0.0, HH
35, 39, 135,315,20827.125,0.001, HH
17, 27, 91,171,18187.0,0.0, LL
36, 40, 9,33,1356.75,0.035, LL
9, 23, 87,99,9629.035714285714,0.388, NS
28, 36, 41,71,6195.099999999999,0.015, LL
47, 49, 7,52,569.5999999999999,0.923, NS
29, 37, 362,153,70269.37142857144,0.0, HH
21, 33, 66,130,6398.333333333333,0.688, NS
39, 50, 26,61,711.75,1.0, NS
31, 46, 55,74,4651.166666666666,0.886, NS
13, 34, 8,20,781.76,0.63, NS
32, 47, 133,205,23810.800000000003,0.0, HH
24, 43, 23,38,927.6666666666667,1.0, NS
16, 39, 137,269,22731.725000000002,0.001, HH
17, 40, 33,76,5039.571428571428,0.019, LL
9, 36, 26,47,3272.285714285714,0.139, NS
28, 49, 35,47,2077.5,0.999, NS
20, 50, 401,130,72046.33333333333,0.013, HH
12, 46, 8,8,81.41176470588235,1.0, NS
4, 42, 6,13,108.66666666666666,1.0, NS
14, 6, 12,17,962.0,0.943, NS
47, 3, 64,194,6816.0,0.464, NS
13, 47, 327,364,87086.64,0.0, HH
48, 4, 9,6,92.5,1.0, NS
6, 7, 4,30,285.0,0.999, NS
50, 50, 217,77,35997.88888888889,0.056, NS
42, 46, 71,109,3826.9,0.999, NS
44, 6, 7,15,285.05555555555554,1.0, NS
10, 13, 184,281,40327.54285714286,0.0, HH
51, 14, 22,36,1925.9166666666667,0.801, NS
2, 9, 1,0,46.851851851851855,1.0, NS
43, 10, 25,86,1220.7142857142858,1.0, NS
36, 7, 9,29,931.0500000000001,0.547, NS
28, 3, 66,90,4515.5,0.971, NS
47, 16, 40,204,9094.400000000001,0.0, LL
5, 19, 9,14,453.8,1.0, NS
29, 4, 11,17,387.61904761904765,1.0, NS
40, 13, 7,34,694.75,0.573, NS
6, 20, 6,11,217.5,1.0, NS
39, 17, 128,329,18230.85714285714,0.012, HH
13, 1, 22,47,3551.8999999999996,0.015, LL
32, 14, 331,240,79045.95238095238,0.0, HH
51, 27, 8,28,390.0,0.996, NS
24, 10, 189,518,37017.0,0.0, HH
43, 23, 157,185,21297.05,0.125, NS
16, 6, 20,55,4154.0,0.0, LL
35, 19, 23,64,2247.56,0.626, NS
17, 7, 55,103,5932.142857142858,0.423, NS
36, 20, 13,33,980.2,0.916, NS
9, 3, 99,162,9599.333333333334,0.655, NS
28, 16, 134,133,26304.2,0.0, HH
5, 32, 51,24,5085.428571428572,0.697, NS
20, 17, 19,51,1040.9285714285713,0.999, NS
39, 30, 76,114,4189.5,1.0, NS
12, 13, 10,10,478.42105263157896,0.997, NS
31, 26, 19,31,737.8333333333334,1.0, NS
23, 22, 378,346,81758.25,0.0, HH
13, 14, 125,97,29041.666666666668,0.0, HH
32, 27, 66,183,9828.342857142858,0.014, LL
24, 23, 9,43,361.125,1.0, NS
16, 19, 84,139,17072.16,0.0, LL
35, 32, 63,113,6971.4,0.39, NS
1, 39, 15,116,1654.21875,0.417, NS
9, 16, 139,214,31211.457142857143,0.0, HH
50, 17, 11,31,471.95238095238096,0.999, NS
42, 13, 319,263,87980.2,0.0, HH
8, 20, 22,45,1601.875,0.899, NS
27, 33, 64,164,14400.0,0.0, LL
19, 29, 219,235,37668.0,0.0, HH
11, 25, 59,235,5625.65,0.674, NS
30, 38, 346,259,75644.25,0.0, HH
20, 30, 98,104,17857.4375,0.001, HH
12, 26, 2,4,12.76923076923077,1.0, NS
31, 39, 70,167,5989.375,0.926, NS
4, 22, 43,46,2599.111111111111,0.981, NS
23, 35, 3,25,120.14999999999999,1.0, NS
46, 24, 5,17,119.83333333333333,1.0, NS
38, 20, 83,98,10005.65,0.224, NS
49, 29, 23,56,1260.2083333333333,1.0, NS
15, 36, 101,84,24411.699999999997,0.0, HH
7, 32, 252,271,45594.0,0.0, HH
26, 45, 423,221,51103.6875,0.272, NS
18, 41, 3,28,255.5,0.897, NS
50, 30, 51,81,7443.875000000001,0.054, NS
42, 26, 13,29,336.9166666666667,1.0, NS
8, 33, 95,226,20995.0,0.0, HH
27, 46, 27,50,1489.32,0.999, NS
19, 42, 169,325,36166.0,0.0, HH
11, 38, 29,80,1115.0500000000002,1.0, NS
30, 51, 120,95,20666.25,0.0, HH
34, 27, 3,35,318.6,0.461, NS
45, 36, 3,12,67.94999999999999,1.0, NS
37, 32, 260,217,50937.71428571428,0.0, HH
3, 39, 305,398,39995.666666666664,0.097, NS
14, 48, 70,70,8444.722222222223,0.22, NS
46, 37, 50,88,4902.0,0.642, NS
38, 33, 611,329,130448.5,0.0, HH
49, 42, 29,56,2213.425,0.966, NS
15, 49, 22,46,2004.6829268292684,0.833, NS
7, 45, 172,105,14340.5,0.903, NS
41, 43, 74,84,10537.6,0.051, NS
33, 39, 184,119,17257.666666666668,0.791, NS
44, 48, 54,70,2784.0,1.0, NS
1, 6, 6,58,976.75,0.011, LL
34, 40, 16,61,1608.8,0.578, NS
45, 49, 1,3,13.038461538461538,1.0, NS
37, 45, 40,79,2924.0,0.931, NS
30, 5, 145,45,22029.930555555555,0.001, HH
29, 46, 127,157,14971.485714285714,0.231, NS
31, 6, 11,41,1106.4166666666665,0.618, NS
23, 2, 3,0,66.9375,1.0, NS
25, 48, 65,228,10965.5,0.003, LL
15, 3, 40,64,3911.304347826087,0.628, NS
26, 12, 2,7,10.0,1.0, NS
18, 8, 9,31,917.625,0.564, NS
27, 13, 123,175,32585.160000000003,0.0, HH
19, 9, 68,144,10437.028571428573,0.013, LL
11, 5, 4,2,52.57142857142857,1.0, NS
30, 18, 16,23,1141.0,0.994, NS
45, 3, 10,31,162.66666666666666,1.0, NS
3, 6, 21,51,2745.75,0.118, NS
22, 19, 46,48,3203.1333333333337,0.981, NS
14, 15, 128,120,25351.11111111111,0.0, HH
46, 4, 126,85,8752.800000000001,0.922, NS
49, 9, 26,62,1875.7916666666665,0.995, NS
15, 16, 183,289,63745.0,0.0, HH
7, 12, 17,27,555.15625,1.0, NS
26, 25, 1,12,11.9,1.0, NS
18, 21, 10,31,509.72222222222223,1.0, NS
41, 10, 118,202,16587.428571428572,0.023, HH
33, 6, 18,34,1884.5,0.512, NS
44, 15, 119,93,12227.25,0.571, NS
10, 22, 38,83,1827.6190476190477,1.0, NS
34, 7, 7,20,424.72499999999997,0.999, NS
45, 16, 7,23,226.45000000000002,1.0, NS
37, 12, 14,42,555.3333333333333,1.0, NS
3, 19, 28,54,1612.2105263157896,0.994, NS
22, 32, 93,119,12231.714285714284,0.066, NS
14, 28, 615,213,146780.0,0.0, HH
29, 13, 85,83,15426.285714285716,0.0, LL
48, 26, 12,9,180.5,1.0, NS
40, 22, 2,22,49.333333333333336,1.0, NS
6, 29, 7,23,477.49999999999994,0.997, NS
41, 23, 15,32,1305.0,0.78, NS
33, 19, 285,125,48307.5,0.0, HH
25, 15, 122,267,26620.399999999998,0.0, HH
44, 28, 753,416,144262.25,0.0, HH
10, 35, 116,370,22510.62857142857,0.0, HH
2, 31, 2,2,87.25,1.0, NS
36, 29, 12,85,1687.5428571428572,0.028, LL
28, 25, 52,109,5997.333333333333,0.325, NS
47, 38, 148,264,36177.12,0.0, HH
5, 41, 21,11,1824.1999999999998,0.904, NS
29, 26, 25,28,1352.6785714285713,1.0, NS
48, 39, 234,384,28011.75,0.183, NS
21, 22, 194,217,26675.0,0.043, HH
40, 35, 3,91,363.29999999999995,0.228, NS
6, 42, 13,51,1587.0833333333333,0.188, NS
25, 28, 31,94,3493.7000000000003,0.37, NS
32, 36, 59,80,10803.742857142857,0.0, LL
51, 49, 5,16,182.5,1.0, NS
24, 32, 67,137,7464.119047619047,0.33, NS
43, 45, 521,313,60071.299999999996,0.33, NS
35, 41, 16,45,1291.52,0.922, NS
1, 48, 16,106,2419.3333333333335,0.028, LL
17, 29, 48,86,4853.877551020409,0.614, NS
36, 42, 36,146,8368.8,0.0, LL
9, 25, 81,196,9787.114285714286,0.192, NS
28, 38, 524,328,131995.6,0.0, HH
47, 51, 22,80,1413.5,0.98, NS
21, 35, 6,37,288.2,1.0, NS
20, 39, 26,74,944.125,1.0, NS
31, 48, 105,194,16391.666666666668,0.005, HH
13, 36, 41,26,8201.64,0.0, LL
32, 49, 38,36,2426.458333333333,0.999, NS
24, 45, 9,21,177.0,1.0, NS
16, 41, 42,82,7114.8,0.004, LL
17, 42, 176,240,38083.04761904762,0.0, HH
9, 38, 216,283,44557.71428571428,0.0, HH
50, 39, 14,59,431.08333333333337,1.0, NS
10, 2, 3,4,151.55555555555554,1.0, NS
12, 48, 13,31,564.5714285714286,1.0, NS
4, 44, 25,25,1088.888888888889,0.998, NS
47, 5, 17,18,1535.288888888889,0.855, NS
13, 49, 15,36,1390.4545454545455,0.779, NS
5, 8, 30,10,3610.8333333333335,0.225, NS
46, 46, 838,285,184829.28,0.0, HH
49, 51, 4,17,120.61538461538461,1.0, NS
48, 6, 23,58,3090.9444444444443,0.053, NS
6, 9, 6,43,589.0,0.683, NS
42, 48, 357,523,70943.83333333333,0.0, HH
32, 3, 56,91,3899.2592592592596,0.979, NS
51, 16, 9,32,630.0,0.955, NS
2, 11, 2,3,83.375,0.997, NS
43, 12, 20,26,416.66666666666663,1.0, NS
35, 8, 12,48,1074.0,0.751, NS
1, 15, 35,172,7364.583333333333,0.0, LL
36, 9, 14,69,2034.4,0.019, LL
28, 5, 157,56,19732.574074074077,0.084, NS
47, 18, 21,89,3339.0,0.013, LL
5, 21, 109,33,19571.555555555555,0.0, HH
29, 6, 14,17,934.3333333333334,0.995, NS
39, 19, 51,91,3295.875,0.995, NS
31, 15, 245,256,63182.77777777778,0.0, HH
13, 3, 43,98,5322.444444444444,0.216, NS
32, 16, 132,163,32419.2,0.0, HH
51, 29, 195,198,42440.357142857145,0.0, HH
24, 12, 11,52,876.7916666666666,0.9, NS
43, 25, 13,54,534.04,1.0, NS
16, 8, 18,87,2672.1,0.043, LL
35, 21, 9,30,435.3,1.0, NS
1, 28, 3,81,348.0,0.336, NS
17, 9, 100,175,15820.408163265307,0.001, HH
9, 5, 33,29,2442.0,0.997, NS
28, 18, 32,44,3472.0,0.441, NS
27, 22, 27,55,2512.7999999999997,0.749, NS
30, 27, 53,88,5820.725,0.383, NS
20, 19, 88,157,10432.4,0.28, NS
39, 32, 105,190,8135.625,0.985, NS
12, 15, 25,36,1493.4782608695652,0.995, NS
31, 28, 466,352,121833.11111111112,0.0, HH
23, 24, 5,19,195.0,1.0, NS
13, 16, 133,189,42187.6,0.0, HH
24, 25, 123,307,26551.600000000002,0.0, HH
16, 21, 28,42,2226.0,0.934, NS
50, 19, 44,71,4273.866666666667,0.612, NS
42, 15, 374,312,100045.0,0.0, HH
8, 22, 139,198,26890.708333333336,0.0, HH
27, 35, 75,159,13602.000000000002,0.001, LL
19, 31, 152,210,36677.6,0.0, HH
11, 27, 28,93,1513.3999999999999,0.998, NS
30, 40, 6,25,235.3125,1.0, NS
20, 32, 132,183,23868.428571428572,0.0, HH
12, 28, 20,29,832.5,1.0, NS
23, 37, 28,73,3096.7999999999997,0.413, NS
22, 41, 44,54,4694.8,0.472, NS
46, 26, 360,223,43164.0,0.244, NS
38, 22, 345,226,60513.0,0.001, HH
49, 31, 22,46,1555.7142857142856,0.993, NS
15, 38, 105,165,20580.0,0.0, HH
7, 34, 16,21,934.0,0.999, NS
26, 47, 22,43,899.8,1.0, NS
18, 43, 11,32,495.3666666666667,1.0, NS
50, 32, 58,130,8280.190476190475,0.075, NS
42, 28, 397,452,87560.55555555555,0.0, HH
8, 35, 14,42,1213.1000000000001,0.818, NS
19, 44, 52,74,5480.8,0.495, NS
11, 40, 40,123,2937.5,0.906, NS
34, 29, 10,28,596.2857142857142,0.998, NS
45, 38, 98,89,9525.6,0.624, NS
37, 34, 12,14,566.4000000000001,1.0, NS
3, 41, 24,53,1423.578947368421,0.995, NS
14, 50, 18,22,1149.0,0.97, NS
46, 39, 34,58,668.0999999999999,1.0, NS
38, 35, 48,66,3553.92,0.954, NS
49, 44, 9,19,319.17073170731703,1.0, NS
15, 51, 76,85,6377.666666666667,0.86, NS
7, 47, 381,364,84201.0,0.0, HH
48, 48, 312,283,53412.66666666667,0.001, HH
41, 45, 26,38,1340.3,0.999, NS
33, 41, 202,115,34151.46666666667,0.002, HH
25, 37, 31,55,2160.0800000000004,0.976, NS
44, 50, 370,226,65777.77777777778,0.001, HH
34, 42, 9,42,769.5,0.833, NS
45, 51, 137,165,16885.25,0.241, NS
37, 47, 25,74,2391.0,0.684, NS
27, 2, 4,4,241.0,0.99, NS
30, 7, 312,222,60284.25,0.0, HH
29, 48, 100,119,8911.904761904761,0.853, NS
21, 44, 719,436,193111.41666666666,0.0, HH
23, 4, 32,34,2056.0,0.935, NS
25, 50, 11,22,463.46666666666664,0.998, NS
15, 5, 24,13,1468.888888888889,0.999, NS
7, 1, 14,27,955.5,0.988, NS
26, 14, 11,15,428.5416666666667,1.0, NS
18, 10, 73,181,13685.761904761905,0.0, LL
17, 51, 13,39,579.8928571428571,1.0, NS
8, 2, 4,2,174.5,1.0, NS
19, 11, 32,99,1684.8,0.995, NS
11, 7, 17,76,641.75,1.0, NS
45, 5, 132,36,20874.333333333332,0.001, HH
37, 1, 11,34,820.5999999999999,0.92, NS
3, 8, 12,58,879.2,0.892, NS
22, 21, 249,151,33753.33333333333,0.048, HH
14, 17, 36,46,4590.857142857143,0.091, NS
46, 6, 3,8,60.300000000000004,1.0, NS
38, 2, 7,8,266.34999999999997,1.0, NS
49, 11, 32,80,2178.285714285714,0.985, NS
15, 18, 46,89,9467.055555555555,0.0, LL
7, 14, 170,235,40895.625,0.0, HH
48, 15, 171,306,34219.0,0.0, HH
18, 23, 14,12,636.4166666666667,1.0, NS
41, 12, 23,31,1008.3684210526317,0.999, NS
33, 8, 181,153,37829.0,0.0, HH
25, 4, 2,15,23.866666666666667,1.0, NS
44, 17, 31,68,1764.047619047619,1.0, NS
10, 24, 149,485,30956.52380952381,0.0, HH
34, 9, 7,43,550.4000000000001,0.95, NS
45, 18, 7,10,144.66666666666669,1.0, NS
37, 14, 83,111,12533.0,0.013, LL
3, 21, 13,52,552.1904761904761,1.0, NS
14, 30, 308,106,61035.33333333333,0.0, HH
29, 15, 369,175,68590.07142857143,0.0, HH
48, 28, 117,193,13838.5,0.203, NS
21, 11, 29,59,943.7083333333333,1.0, NS
40, 24, 6,145,820.0,0.075, NS
6, 31, 10,31,998.6111111111111,0.638, NS
41, 25, 39,128,4753.32,0.235, NS
33, 21, 138,74,11887.166666666666,0.861, NS
25, 17, 74,204,17070.742857142857,0.0, LL
44, 30, 348,203,71412.5,0.0, HH
10, 37, 118,152,10212.057142857144,0.859, NS
51, 38, 47,71,6906.65,0.048, LL
17, 18, 46,87,10309.47619047619,0.0, LL
36, 31, 12,85,2630.3999999999996,0.0, LL
28, 27, 65,119,9613.5,0.021, LL
47, 40, 10,39,621.0,0.983, NS
5, 43, 354,55,63263.73333333333,0.0, HH
29, 28, 485,235,117196.78571428571,0.0, HH
21, 24, 7,44,342.80555555555554,1.0, NS
40, 37, 3,30,138.45,0.998, NS
6, 44, 1,13,44.5,1.0, NS
13, 25, 48,136,8976.0,0.001, LL
32, 38, 298,336,68054.68571428572,0.0, HH
51, 51, 487,153,133955.4375,0.0, HH
24, 34, 13,54,2008.0666666666666,0.009, LL
43, 47, 49,130,3455.48,0.965, NS
35, 43, 11,25,463.32,1.0, NS
1, 50, 1,13,45.666666666666664,0.994, NS
17, 31, 74,112,12846.04761904762,0.0, LL
36, 44, 6,38,455.8,0.96, NS
9, 27, 175,247,35940.0,0.0, HH
28, 40, 19,51,1232.625,0.984, NS
20, 41, 191,185,33873.85,0.006, HH
31, 50, 45,65,4232.5,0.697, NS
23, 46, 519,413,116100.29999999999,0.0, HH
22, 1, 9,11,327.0,1.0, NS
13, 38, 157,129,31626.079999999998,0.0, HH
32, 51, 135,139,18239.464285714286,0.07, NS
24, 47, 29,158,3811.5666666666666,0.105, NS
16, 43, 42,59,2661.12,0.989, NS
9, 40, 18,51,1169.3571428571427,0.989, NS
50, 41, 71,103,10787.266666666666,0.069, NS
42, 37, 108,154,12708.0,0.242, NS
10, 4, 2,24,22.095238095238095,1.0, NS
51, 5, 94,32,17397.833333333336,0.0, HH
12, 50, 8,14,216.88888888888889,0.999, NS
4, 46, 92,90,7237.333333333334,0.847, NS
47, 7, 314,385,73719.35,0.0, HH
5, 10, 10,11,347.3015873015873,1.0, NS
46, 48, 19,46,589.0,1.0, NS
38, 44, 250,160,40733.333333333336,0.006, HH
48, 8, 52,68,5759.0,0.409, NS
6, 11, 26,94,2576.1666666666665,0.613, NS
42, 50, 52,71,3192.222222222222,0.975, NS
32, 5, 34,36,3281.809523809524,0.76, NS
51, 18, 3,13,124.25,1.0, NS
24, 1, 32,105,5485.333333333333,0.005, LL
43, 14, 54,78,5049.0,0.742, NS
35, 10, 126,362,23796.0,0.0, HH
1, 17, 34,151,6949.357142857143,0.0, LL
36, 11, 9,52,651.6,0.944, NS
28, 7, 426,430,93799.875,0.0, HH
47, 20, 18,52,1100.7,0.988, NS
5, 23, 95,24,16783.333333333332,0.0, HH
21, 4, 20,32,876.6666666666667,0.999, NS
20, 8, 22,45,1696.75,0.882, NS
39, 21, 36,90,1287.0,1.0, NS
31, 17, 99,145,17174.14285714286,0.0, HH
23, 13, 16,45,1659.2,0.52, NS
13, 5, 19,7,1241.7555555555555,0.996, NS
32, 18, 46,69,5678.809523809524,0.138, NS
24, 14, 33,60,3461.333333333333,0.551, NS
43, 27, 14,62,720.16,0.999, NS
16, 10, 387,493,117050.91428571429,0.0, HH
35, 23, 10,26,422.5,1.0, NS
1, 30, 2,30,138.125,0.991, NS
17, 11, 50,102,3550.0,0.971, NS
9, 7, 391,387,80217.83928571428,0.0, HH
50, 8, 7,22,454.4166666666667,0.928, NS
27, 24, 51,176,8797.5,0.0, LL
19, 20, 98,106,9775.5,0.562, NS
30, 29, 315,208,62296.875,0.0, HH
20, 21, 462,208,116096.75,0.0, HH
39, 34, 51,127,6512.7,0.098, NS
12, 17, 9,28,585.72,0.989, NS
31, 30, 143,185,29538.4375,0.0, HH
4, 13, 6,8,109.6,1.0, NS
23, 26, 70,81,8281.875,0.284, NS
13, 18, 60,62,12972.0,0.0, LL
46, 15, 23,48,1213.6333333333332,1.0, NS
16, 23, 13,40,939.9,0.935, NS
49, 20, 9,22,321.84,1.0, NS
15, 27, 61,182,12897.433333333334,0.0, LL
26, 36, 1,3,14.95,1.0, NS
18, 32, 39,72,4652.142857142858,0.201, NS
50, 21, 274,234,63050.444444444445,0.0, HH
42, 17, 224,330,51237.333333333336,0.0, HH
8, 24, 7,62,585.6666666666667,0.858, NS
27, 37, 18,32,1240.56,0.974, NS
19, 33, 166,270,34627.6,0.0, HH
11, 29, 57,79,2245.3928571428573,1.0, NS
30, 42, 149,195,22781.479166666668,0.0, HH
12, 30, 11,16,330.0,1.0, NS
4, 26, 60,49,2895.0,0.988, NS
45, 27, 18,38,690.3000000000001,1.0, NS
22, 43, 420,284,55986.00000000001,0.074, NS
14, 39, 59,71,4275.041666666666,0.993, NS
46, 28, 179,257,24702.0,0.065, NS
38, 24, 46,79,3473.0,0.96, NS
49, 33, 42,61,2932.829268292683,0.997, NS
15, 40, 69,102,10511.0,0.023, LL
7, 36, 16,38,1494.8,0.762, NS
18, 45, 7,14,158.95833333333331,1.0, NS
42, 30, 147,193,23011.625,0.003, HH
8, 37, 25,65,2631.25,0.5, NS
41, 34, 8,26,461.44,0.997, NS
11, 42, 52,155,2584.8333333333335,0.998, NS
44, 39, 50,102,1793.75,1.0, NS
10, 46, 29,63,870.0,1.0, NS
34, 31, 5,28,397.5,0.928, NS
45, 40, 7,16,78.75,1.0, NS
37, 36, 29,31,3164.48,0.435, NS
3, 43, 16,28,551.1111111111111,1.0, NS
38, 37, 220,160,34566.4,0.02, HH
7, 49, 26,46,1474.107142857143,1.0, NS
48, 50, 20,34,662.2222222222223,1.0, NS
40, 46, 5,17,72.25,1.0, NS
39, 1, 30,102,3091.875,0.545, NS
41, 47, 30,78,3864.0000000000005,0.142, NS
33, 43, 147,85,10760.4,0.97, NS
25, 39, 78,280,10933.650000000001,0.031, LL
34, 44, 5,15,191.83333333333334,1.0, NS
26, 3, 4,13,39.714285714285715,1.0, NS
37, 49, 14,22,657.1515151515151,1.0, NS
27, 4, 4,5,60.0,1.0, NS
30, 9, 117,149,18479.732142857145,0.0, HH
29, 50, 157,144,25120.0,0.019, HH
21, 46, 127,160,18148.3,0.047, HH
22, 10, 37,87,1754.857142857143,1.0, NS
15, 7, 89,155,14638.645833333332,0.0, LL
7, 3, 63,93,4567.5,0.979, NS
26, 16, 6,19,120.30000000000001,1.0, NS
18, 12, 4,14,254.83333333333334,0.99, NS
9, 49, 24,58,1754.0,0.988, NS
8, 4, 15,18,590.0,0.997, NS
41, 1, 24,58,2838.0,0.271, NS
11, 9, 40,95,1821.4285714285713,1.0, NS
45, 7, 107,127,9977.75,0.739, NS
37, 3, 25,44,1229.1666666666665,0.997, NS
3, 10, 50,161,5482.0,0.401, NS
22, 23, 589,230,120303.25,0.0, HH
14, 19, 93,99,13847.7,0.023, LL
38, 4, 24,22,974.4000000000001,0.999, NS
7, 16, 62,94,10047.1,0.001, LL
48, 17, 166,265,33741.47619047619,0.0, HH
41, 14, 97,121,19691.0,0.0, HH
33, 10, 242,264,42857.04761904762,0.0, HH
25, 6, 37,124,7110.166666666666,0.0, LL
44, 19, 67,74,6108.166666666667,0.792, NS
10, 26, 7,39,112.50000000000001,1.0, NS
34, 11, 14,61,1194.2,0.831, NS
37, 16, 34,62,3953.52,0.291, NS
3, 23, 10,35,387.6923076923077,0.998, NS
14, 32, 311,190,63658.7380952381,0.0, HH
47, 29, 46,161,7337.657142857142,0.003, LL
29, 17, 82,80,8380.73469387755,0.597, NS
48, 30, 52,83,4235.833333333333,0.958, NS
21, 13, 22,53,1947.7333333333333,0.813, NS
40, 26, 1,12,9.5,1.0, NS
6, 33, 6,30,614.0,0.575, NS
33, 23, 102,40,10293.5,0.577, NS
25, 19, 52,131,6945.12,0.093, NS
10, 39, 125,435,15428.57142857143,0.106, NS
51, 40, 5,29,148.75,1.0, NS
43, 36, 10,16,554.4,0.998, NS
17, 20, 18,46,897.4285714285713,1.0, NS
36, 33, 12,76,2413.2,0.0, LL
28, 29, 405,251,88290.0,0.0, HH
47, 42, 159,480,36994.0,0.0, HH
5, 45, 204,27,30696.333333333336,0.005, HH
29, 30, 288,187,62820.0,0.0, HH
21, 26, 41,45,3189.4583333333335,0.922, NS
6, 46, 1,10,22.566666666666666,1.0, NS
39, 43, 43,91,1311.5,1.0, NS
13, 27, 160,184,43244.799999999996,0.0, HH
32, 40, 31,66,2687.035714285714,0.851, NS
24, 36, 14,57,2381.4,0.001, LL
43, 49, 2,15,59.57575757575758,1.0, NS
16, 32, 175,168,39085.0,0.0, HH
35, 45, 8,16,163.6,1.0, NS
17, 33, 93,125,16972.5,0.0, LL
9, 29, 83,212,12580.428571428572,0.0, LL
28, 42, 455,419,101010.0,0.0, HH
20, 43, 555,300,131035.5,0.0, HH
12, 39, 57,84,3693.6,0.989, NS
23, 48, 8,48,399.0,1.0, NS
13, 40, 14,49,1434.3,0.53, NS
24, 49, 29,106,3666.4285714285716,0.1, NS
16, 45, 19,38,652.65,1.0, NS
50, 43, 621,368,131196.6,0.0, HH
42, 39, 196,364,20967.916666666668,0.444, NS
8, 46, 85,111,13238.75,0.029, LL
11, 51, 15,46,319.6875,1.0, NS
10, 6, 44,147,7323.904761904762,0.001, LL
51, 7, 41,92,4080.78125,0.642, NS
2, 2, 2,0,57.0,1.0, NS
43, 3, 25,42,875.0,1.0, NS
4, 48, 4,6,34.44444444444444,1.0, NS
47, 9, 242,388,59075.65714285715,0.0, HH
5, 12, 4,4,47.27272727272727,1.0, NS
46, 50, 100,120,10086.666666666666,0.544, NS
38, 46, 212,131,27390.399999999998,0.126, NS
40, 6, 12,84,1544.0,0.149, NS
6, 13, 7,34,931.0,0.097, NS
39, 10, 147,472,18065.25,0.113, NS
32, 7, 206,285,38345.42857142857,0.0, HH
51, 20, 356,241,75449.75,0.001, HH
24, 3, 22,107,3276.1666666666665,0.031, LL
43, 16, 37,60,2439.04,0.978, NS
35, 12, 9,22,663.75,0.933, NS
1, 19, 17,66,2331.55,0.101, NS
36, 13, 10,46,2254.4,0.0, LL
28, 9, 156,259,32002.285714285714,0.0, HH
5, 25, 6,8,179.06666666666666,1.0, NS
20, 10, 60,148,4017.8571428571427,0.993, NS
39, 23, 21,58,654.9375,1.0, NS
12, 6, 25,33,1892.7083333333333,0.934, NS
31, 19, 241,210,46472.833333333336,0.0, HH
23, 15, 11,50,820.875,0.944, NS
13, 7, 177,163,37068.225,0.0, HH
32, 20, 158,177,22684.285714285717,0.039, HH
24, 16, 80,199,19989.333333333336,0.0, LL
16, 12, 16,27,1107.3684210526317,0.958, NS
35, 25, 102,283,20763.12,0.0, HH
1, 32, 10,90,1472.5,0.027, LL
9, 9, 545,366,116807.95918367348,0.0, HH
50, 10, 30,87,1648.5714285714284,0.997, NS
42, 6, 14,64,1775.6666666666665,0.111, NS
8, 13, 38,91,8204.2,0.0, LL
27, 26, 5,11,115.5,1.0, NS
19, 22, 33,51,2319.9,0.986, NS
11, 18, 26,49,1987.9166666666665,0.922, NS
30, 31, 160,197,33153.333333333336,0.0, HH
20, 23, 66,80,6443.25,0.59, NS
12, 19, 18,20,686.8421052631578,1.0, NS
31, 32, 438,246,105985.57142857143,0.0, HH
4, 15, 3,10,48.833333333333336,1.0, NS
23, 28, 120,297,23215.0,0.002, HH
46, 17, 9,32,258.42857142857144,1.0, NS
38, 13, 135,75,26406.0,0.0, HH
49, 22, 9,15,253.84615384615384,1.0, NS
15, 29, 245,240,48060.83333333333,0.0, HH
7, 25, 40,98,3395.0,0.908, NS
26, 38, 30,41,1702.5,0.995, NS
18, 34, 6,17,855.8,0.03, LL
50, 23, 32,82,2973.3333333333335,0.653, NS
42, 19, 246,290,44714.600000000006,0.0, HH
8, 26, 26,46,1753.375,0.951, NS
27, 39, 133,351,16834.475000000002,0.12, NS
19, 35, 22,76,2391.84,0.463, NS
11, 31, 28,111,1438.5,1.0, NS
30, 44, 422,202,80769.04166666667,0.0, HH
34, 20, 5,25,171.0,1.0, NS
4, 28, 9,26,321.0,1.0, NS
45, 29, 110,136,10021.785714285716,0.798, NS
37, 25, 25,80,1897.0,0.941, NS
3, 32, 49,93,3547.25,0.975, NS
22, 45, 581,251,84559.70833333333,0.046, HH
14, 41, 110,110,18296.666666666668,0.001, HH
46, 30, 225,204,37946.25,0.0, HH
38, 26, 44,38,2373.8,0.999, NS
49, 35, 33,88,4407.0,0.081, NS
15, 42, 383,410,108186.86111111111,0.0, HH
7, 38, 493,379,118443.25,0.0, HH
26, 51, 37,69,2985.4375,0.843, NS
18, 47, 42,100,6567.400000000001,0.006, LL
41, 36, 44,51,6647.52,0.026, LL
33, 32, 578,243,123237.85714285714,0.0, HH
44, 41, 119,97,16790.899999999998,0.053, NS
10, 48, 236,489,43401.52380952381,0.0, HH
34, 33, 11,36,857.6333333333333,0.932, NS
45, 42, 29,78,1133.4166666666667,1.0, NS
37, 38, 108,202,19284.48,0.001, HH
3, 45, 9,21,165.46153846153845,1.0, NS
29, 39, 121,112,6646.357142857143,1.0, NS
40, 48, 6,67,550.25,0.733, NS
41, 49, 6,35,325.05882352941177,1.0, NS
33, 45, 53,45,2214.958333333333,1.0, NS
25, 41, 24,74,2572.8,0.44, NS
26, 5, 47,22,4950.666666666666,0.509, NS
18, 1, 18,20,2565.75,0.058, NS
28, 51, 174,191,27187.5,0.009, HH
27, 6, 7,33,932.1666666666666,0.087, NS
19, 2, 1,0,40.10526315789474,1.0, NS
30, 11, 28,38,859.25,1.0, NS
21, 48, 13,42,612.0833333333334,1.0, NS
22, 12, 7,7,115.20833333333333,1.0, NS
14, 8, 133,125,30157.75,0.0, HH
49, 2, 7,2,402.1111111111111,0.997, NS
15, 9, 170,309,36396.19047619048,0.0, HH
7, 5, 122,61,13772.444444444443,0.299, NS
26, 18, 1,6,12.583333333333334,1.0, NS
18, 14, 22,26,2577.666666666667,0.259, NS
9, 51, 47,61,2848.535714285714,0.995, NS
41, 3, 18,50,1014.6315789473684,0.992, NS
44, 8, 45,73,5169.375,0.34, NS
10, 15, 482,579,119076.95238095238,0.0, HH
45, 9, 41,70,2209.607142857143,0.998, NS
37, 5, 45,27,5887.0,0.05, NS
3, 12, 65,58,4680.0,0.931, NS
22, 25, 22,44,917.4000000000001,1.0, NS
14, 21, 53,65,5189.583333333334,0.677, NS
48, 19, 56,123,6367.2,0.336, NS
40, 15, 11,132,1530.8333333333333,0.069, NS
6, 22, 4,9,141.55555555555554,1.0, NS
41, 16, 31,99,5973.08,0.0, LL
33, 12, 33,21,1426.5,1.0, NS
25, 8, 21,59,1598.1,0.904, NS
44, 21, 781,329,197028.94444444444,0.0, HH
10, 28, 123,283,17114.571428571428,0.031, HH
3, 25, 27,97,3136.05,0.307, NS
36, 22, 3,20,149.79999999999998,1.0, NS
47, 31, 108,286,27514.800000000003,0.0, HH
5, 34, 6,2,127.53488372093022,1.0, NS
29, 19, 301,155,44401.799999999996,0.014, HH
48, 32, 163,209,21127.904761904763,0.08, NS
21, 15, 74,131,8267.444444444445,0.37, NS
40, 28, 5,92,332.5,0.98, NS
6, 35, 11,45,1898.9666666666667,0.0, LL
25, 21, 29,52,1424.8666666666666,0.999, NS
32, 29, 419,327,87930.14285714286,0.0, HH
51, 42, 33,101,2587.75,0.927, NS
43, 38, 150,194,22800.0,0.017, HH
35, 34, 11,56,1699.72,0.012, LL
1, 41, 9,48,1032.3,0.362, NS
17, 22, 26,39,1346.4285714285713,0.999, NS
36, 35, 5,52,861.8000000000001,0.002, LL
9, 18, 36,84,5381.142857142857,0.005, LL
28, 31, 501,377,133572.16666666666,0.0, HH
47, 44, 54,127,6010.2,0.364, NS
5, 47, 25,15,2159.4444444444443,0.913, NS
21, 28, 314,393,63558.83333333333,0.0, HH
39, 45, 32,55,470.0,1.0, NS
31, 41, 147,167,30350.6,0.0, HH
13, 29, 55,133,9158.285714285714,0.001, LL
32, 42, 540,517,129831.42857142857,0.0, HH
24, 38, 38,98,3066.6,0.926, NS
43, 51, 714,261,184533.3,0.0, HH
16, 34, 15,38,2077.8,0.068, NS
35, 47, 47,135,6649.5599999999995,0.056, NS
17, 35, 80,158,17318.857142857145,0.0, LL
9, 31, 194,314,43982.57142857143,0.0, HH
28, 44, 721,340,129679.86111111111,0.0, HH
27, 48, 153,243,28957.800000000003,0.0, HH
20, 45, 83,129,6313.1875,0.895, NS
12, 41, 17,16,646.0,1.0, NS
4, 37, 3,8,81.6,1.0, NS
23, 50, 24,63,2318.0,0.608, NS
13, 42, 321,301,82497.0,0.0, HH
24, 51, 21,29,826.875,1.0, NS
16, 47, 74,208,16564.16,0.0, LL
50, 45, 80,115,6666.666666666666,0.769, NS
42, 41, 115,195,20155.666666666668,0.0, HH
8, 48, 33,98,3586.0,0.466, NS
51, 9, 24,55,1601.1428571428569,0.982, NS
43, 5, 332,64,61139.64444444445,0.0, HH
35, 1, 17,68,2635.0,0.035, LL
1, 8, 4,14,238.0,0.984, NS
4, 50, 9,12,297.0,1.0, NS
36, 2, 1,3,50.26315789473684,0.997, NS
47, 11, 33,88,1536.1499999999999,1.0, NS
5, 14, 43,23,4151.092592592593,0.733, NS
38, 48, 123,119,10307.4,0.887, NS
39, 12, 60,110,4095.4838709677424,0.99, NS
31, 8, 80,236,16463.333333333332,0.0, LL
32, 9, 196,263,38220.0,0.0, HH
51, 22, 118,158,15187.583333333334,0.143, NS
24, 5, 15,13,493.33333333333326,1.0, NS
43, 18, 2,21,82.0,1.0, NS
16, 1, 95,133,22947.25,0.0, HH
35, 14, 23,50,2461.7666666666664,0.481, NS
1, 21, 4,42,204.0,1.0, NS
28, 11, 46,97,2131.3333333333335,0.999, NS
27, 15, 46,147,9169.333333333334,0.0, LL
30, 20, 121,98,17533.65625,0.018, HH
20, 12, 19,46,741.0,0.999, NS
39, 25, 108,352,15411.599999999999,0.019, HH
12, 8, 4,13,133.06666666666666,1.0, NS
31, 21, 101,122,13856.63888888889,0.046, HH
4, 4, 36,15,952.0,0.998, NS
23, 17, 11,32,517.3928571428571,1.0, NS
13, 9, 415,284,101852.85714285714,0.0, HH
24, 18, 45,132,9293.75,0.0, LL
16, 14, 56,64,11715.199999999999,0.0, LL
26, 27, 5,13,116.75,1.0, NS
50, 12, 16,40,693.3333333333334,0.987, NS
42, 8, 86,175,15157.5,0.001, LL
8, 15, 21,71,2845.5,0.08, NS
27, 28, 56,141,8945.066666666666,0.005, LL
19, 24, 26,101,3063.6666666666665,0.265, NS
11, 20, 30,57,791.25,1.0, NS
30, 33, 238,169,40752.541666666664,0.0, HH
20, 25, 10,70,588.5,0.994, NS
12, 21, 2,29,49.23809523809524,1.0, NS
4, 17, 3,1,26.42857142857143,1.0, NS
23, 30, 168,184,35694.75,0.0, HH
22, 34, 4,16,112.66666666666667,1.0, NS
46, 19, 20,51,840.8,1.0, NS
38, 15, 143,132,24672.266666666666,0.001, HH
49, 24, 31,70,4091.243902439024,0.065, NS
15, 31, 223,261,64930.16666666667,0.0, HH
7, 27, 81,133,13182.75,0.001, LL
26, 40, 1,9,8.1875,1.0, NS
18, 36, 5,20,769.5,0.017, LL
50, 25, 3,41,150.20000000000002,0.993, NS
42, 21, 85,125,7350.13888888889,0.86, NS
8, 28, 94,322,22234.916666666664,0.0, HH
19, 37, 163,132,22311.44,0.078, NS
11, 33, 33,61,1553.75,1.0, NS
34, 22, 1,13,28.8,1.0, NS
45, 31, 20,44,1303.3333333333335,0.983, NS
37, 27, 11,50,763.4000000000001,0.973, NS
3, 34, 26,53,3549.0,0.091, NS
22, 47, 98,139,14125.066666666666,0.024, HH
14, 43, 69,71,5934.0,0.865, NS
46, 32, 62,101,5728.8,0.768, NS
38, 28, 488,251,120487.2,0.0, HH
49, 37, 7,20,316.90909090909093,1.0, NS
15, 44, 115,124,12768.194444444443,0.376, NS
7, 40, 9,47,429.46875,1.0, NS
48, 41, 39,64,3572.3999999999996,0.76, NS
18, 49, 17,29,2099.5,0.132, NS
41, 38, 123,209,25972.68,0.0, HH
33, 34, 19,20,1478.2,0.949, NS
25, 30, 21,56,1489.425,0.991, NS
44, 43, 2060,647,501678.6666666667,0.0, HH
10, 50, 32,85,1596.952380952381,0.998, NS
1, 1, 25,45,4337.5,0.014, LL
34, 35, 11,50,1655.28,0.027, LL
45, 44, 243,236,29028.375,0.253, NS
37, 40, 14,47,678.3000000000001,1.0, NS
3, 47, 76,148,8028.0,0.488, NS
29, 41, 233,136,42845.37142857142,0.0, HH
21, 37, 399,222,87407.59999999999,0.0, HH
40, 50, 3,17,80.75,1.0, NS
41, 51, 86,85,12482.9,0.063, NS
33, 47, 423,263,107921.4,0.0, HH
25, 43, 12,48,458.88,1.0, NS
26, 7, 49,73,2728.6875,1.0, NS
18, 3, 35,90,5487.708333333333,0.018, LL
17, 44, 34,44,2007.6190476190477,1.0, NS
27, 8, 31,77,5062.3,0.015, LL
19, 4, 4,8,60.0,1.0, NS
30, 13, 84,73,13173.3,0.005, LL
21, 50, 337,184,72230.33333333334,0.0, HH
3, 1, 16,27,1418.2857142857142,0.706, NS
22, 14, 89,76,14118.861111111111,0.003, LL
14, 10, 60,139,7662.857142857142,0.102, NS
13, 51, 22,35,1392.6,0.974, NS
49, 4, 1,0,5.352941176470588,1.0, NS
15, 11, 47,127,3523.0416666666665,0.915, NS
7, 7, 849,388,187071.84375,0.0, HH
26, 20, 30,54,1445.625,0.996, NS
18, 16, 76,99,20223.600000000002,0.0, LL
41, 5, 18,23,1664.4,0.813, NS
33, 1, 40,63,5496.666666666666,0.075, NS
44, 10, 66,106,4051.142857142857,0.999, NS
10, 17, 265,572,63848.77551020408,0.0, HH
45, 11, 14,17,104.53333333333333,1.0, NS
37, 7, 89,140,11178.4,0.114, NS
3, 14, 24,38,1753.0,0.955, NS
22, 27, 37,63,3252.3,0.848, NS
14, 23, 67,53,9234.833333333334,0.085, NS
29, 8, 105,139,15686.25,0.029, HH
48, 21, 38,61,1782.8333333333333,1.0, NS
40, 17, 15,91,2169.107142857143,0.026, LL
6, 24, 15,83,2707.5,0.0, LL
41, 18, 14,32,1268.3999999999999,0.79, NS
33, 14, 181,91,42238.36111111111,0.0, HH
25, 10, 266,581,62821.6,0.0, HH
44, 23, 179,137,26357.75,0.036, HH
10, 30, 41,87,3561.1428571428573,0.934, NS
51, 31, 21,51,2810.5,0.126, NS
36, 24, 8,58,1521.8666666666666,0.0, LL
28, 20, 243,206,37330.875,0.017, HH
47, 33, 188,316,48478.933333333334,0.0, HH
5, 36, 5,1,184.44444444444443,1.0, NS
29, 21, 442,287,98208.19047619049,0.0, HH
48, 34, 17,56,1667.6999999999998,0.626, NS
21, 17, 22,58,1236.7142857142858,1.0, NS
40, 30, 1,32,44.1875,1.0, NS
6, 37, 9,17,466.8,1.0, NS
32, 31, 344,287,94280.57142857142,0.0, HH
51, 44, 381,289,98440.875,0.0, HH
24, 27, 50,196,8608.333333333332,0.0, LL
43, 40, 8,21,202.0,1.0, NS
35, 36, 8,31,1265.92,0.013, LL
1, 43, 1,23,37.15,1.0, NS
17, 24, 79,173,17861.52380952381,0.0, LL
36, 37, 5,28,555.6,0.383, NS
9, 20, 39,74,2346.964285714286,0.995, NS
28, 33, 476,374,112190.55555555556,0.0, HH
47, 46, 57,102,5549.5199999999995,0.648, NS
5, 49, 4,3,84.62068965517241,1.0, NS
21, 30, 131,174,28454.291666666668,0.0, HH
20, 34, 17,37,719.95,1.0, NS
39, 47, 128,344,12800.0,0.63, NS
31, 43, 119,122,13752.433333333332,0.307, NS
23, 39, 23,54,723.78125,1.0, NS
13, 31, 193,212,48938.36666666667,0.0, HH
32, 44, 281,175,43555.0,0.003, HH
24, 40, 52,123,7236.666666666666,0.068, NS
16, 36, 42,87,11501.279999999999,0.0, LL
35, 49, 26,60,3354.0,0.097, NS
17, 37, 40,58,2820.571428571429,0.993, NS
9, 33, 240,248,53748.571428571435,0.0, HH
50, 34, 8,16,304.53333333333336,1.0, NS
27, 50, 5,16,199.66666666666666,1.0, NS
19, 46, 19,45,785.84,1.0, NS
20, 47, 17,64,1126.25,0.965, NS
12, 43, 12,16,214.66666666666669,1.0, NS
4, 39, 5,8,29.318181818181817,1.0, NS
13, 44, 53,82,5347.700000000001,0.577, NS
5, 3, 11,4,293.0,1.0, NS
46, 41, 22,49,1664.08,0.939, NS
16, 49, 16,36,1873.8823529411766,0.257, NS
49, 46, 9,14,161.71875,1.0, NS
48, 1, 40,88,5640.0,0.056, NS
50, 47, 14,42,739.1999999999999,0.994, NS
42, 43, 126,116,9000.6,0.976, NS
8, 50, 5,22,324.58333333333337,0.923, NS
51, 11, 21,41,597.1875,1.0, NS
43, 7, 97,131,10444.475,0.454, NS
35, 3, 36,128,5745.599999999999,0.023, LL
1, 10, 84,287,18462.0,0.0, LL
47, 13, 168,306,45628.8,0.0, HH
5, 16, 22,10,1185.0666666666666,1.0, NS
38, 50, 77,66,7304.733333333333,0.647, NS
20, 1, 9,43,525.375,0.984, NS
39, 14, 35,65,2694.2708333333335,0.988, NS
31, 10, 171,374,30763.714285714286,0.0, HH
23, 6, 3,10,94.75,1.0, NS
32, 11, 67,126,3551.0,1.0, NS
24, 7, 32,109,2851.3333333333335,0.893, NS
43, 20, 449,282,88430.54999999999,0.0, HH
16, 3, 38,91,5418.0,0.076, NS
35, 16, 72,190,18239.04,0.0, LL
17, 4, 1,11,11.380952380952381,1.0, NS
50, 1, 8,17,413.3333333333333,0.99, NS
27, 17, 62,175,12203.371428571429,0.0, LL
19, 13, 48,134,10106.880000000001,0.0, LL
30, 22, 406,210,71210.70833333334,0.0, HH
20, 14, 39,54,4062.5,0.51, NS
39, 27, 169,348,21509.475000000002,0.105, NS
12, 10, 35,61,2325.4,0.987, NS
31, 23, 44,74,5401.0,0.217, NS
23, 19, 13,38,715.65,0.996, NS
13, 11, 29,59,1541.35,0.997, NS
46, 8, 93,113,13857.0,0.042, LL
16, 16, 190,162,74229.2,0.0, HH
49, 13, 14,28,1235.7058823529412,0.851, NS
15, 20, 92,105,9675.333333333334,0.501, NS
26, 29, 17,52,930.1428571428571,0.999, NS
18, 25, 38,107,7425.2,0.0, LL
50, 14, 15,37,1075.8333333333335,0.923, NS
42, 10, 417,687,91491.78571428571,0.0, HH
8, 17, 10,69,992.5,0.648, NS
27, 30, 37,96,4670.325,0.102, NS
19, 26, 6,22,125.39999999999999,1.0, NS
11, 22, 8,23,143.33333333333334,1.0, NS
30, 35, 42,66,2639.7000000000003,0.998, NS
12, 23, 4,8,63.69230769230769,1.0, NS
45, 20, 85,133,6406.875,0.888, NS
22, 36, 7,10,359.56666666666666,0.999, NS
46, 21, 154,169,22340.266666666666,0.028, HH
38, 17, 53,68,4819.971428571428,0.801, NS
49, 26, 5,8,45.0,1.0, NS
15, 33, 256,309,68273.77777777778,0.0, HH
7, 29, 235,269,41460.71428571428,0.0, HH
26, 42, 7,40,172.08333333333331,1.0, NS
18, 38, 24,49,2255.2,0.732, NS
42, 23, 62,118,5324.25,0.808, NS
8, 30, 106,187,23310.0625,0.0, HH
41, 27, 8,48,843.2,0.489, NS
11, 35, 36,113,2986.2000000000003,0.838, NS
44, 32, 263,161,40727.42857142857,0.005, HH
34, 24, 14,56,2205.4666666666667,0.007, LL
45, 33, 28,46,1261.1666666666665,1.0, NS
37, 29, 381,222,81544.88571428572,0.0, HH
3, 36, 6,20,503.3333333333333,0.807, NS
22, 49, 2,8,55.23809523809524,1.0, NS
14, 45, 37,39,2150.625,0.997, NS
38, 30, 371,208,80200.925,0.0, HH
7, 42, 174,307,32516.25,0.0, HH
48, 43, 33,58,1358.5,1.0, NS
40, 39, 16,158,1484.5,0.778, NS
41, 40, 19,45,1389.8500000000001,0.953, NS
33, 36, 45,61,7980.0,0.0, LL
25, 32, 71,134,9948.114285714286,0.03, LL
44, 45, 297,217,31989.375,0.439, NS
2, 48, 4,3,189.14285714285714,0.998, NS
34, 37, 6,27,280.56,1.0, NS
37, 42, 104,216,14417.866666666665,0.045, HH
3, 49, 40,57,4601.428571428572,0.308, NS
36, 46, 3,10,91.19999999999999,1.0, NS
29, 43, 449,280,91070.02857142857,0.0, HH
21, 39, 36,81,1311.0,1.0, NS
22, 3, 30,41,1026.25,1.0, NS
33, 49, 47,29,3413.375,0.982, NS
25, 45, 13,27,265.2,1.0, NS
26, 9, 17,41,554.3214285714286,1.0, NS
18, 5, 4,3,152.22222222222223,1.0, NS
17, 46, 24,36,787.1999999999999,1.0, NS
9, 42, 367,542,77742.83333333334,0.0, HH
19, 6, 17,29,1557.1999999999998,0.793, NS
3, 3, 64,83,8604.0,0.126, NS
22, 16, 34,58,2700.7333333333336,0.93, NS
14, 12, 17,21,641.0416666666667,1.0, NS
15, 13, 225,232,66172.5,0.0, HH
7, 9, 587,367,119716.55357142858,0.0, HH
48, 10, 325,529,58848.21428571429,0.0, HH
18, 18, 36,45,7966.0,0.0, LL
41, 7, 83,135,12543.375,0.005, LL
33, 3, 89,75,8285.09090909091,0.702, NS
44, 12, 18,20,410.8695652173913,1.0, NS
10, 19, 262,290,40056.05714285714,0.004, HH
45, 13, 21,30,905.1,0.999, NS
37, 9, 40,94,4229.714285714286,0.51, NS
3, 16, 33,80,4738.105263157894,0.067, NS
14, 25, 39,63,4357.6,0.359, NS
47, 22, 103,167,15556.433333333332,0.012, HH
29, 10, 161,213,18498.571428571428,0.246, NS
48, 23, 21,35,990.5,0.999, NS
21, 6, 6,22,253.16666666666666,1.0, NS
40, 19, 9,68,714.15,0.879, NS
6, 26, 1,10,11.608695652173912,1.0, NS
41, 20, 157,126,23761.95,0.035, HH
33, 16, 160,150,42250.666666666664,0.0, HH
25, 12, 22,69,1926.7368421052631,0.792, NS
44, 25, 25,53,1296.6666666666667,0.998, NS
10, 32, 320,431,53231.02040816327,0.0, HH
51, 33, 34,49,2586.833333333333,0.923, NS
2, 28, 1,2,41.75,1.0, NS
43, 29, 558,235,115362.51428571428,0.0, HH
17, 13, 128,135,29776.457142857143,0.0, HH
28, 22, 335,294,55693.75,0.002, HH
47, 35, 26,141,3580.72,0.089, NS
5, 38, 121,71,16746.4,0.028, HH
29, 23, 91,107,12662.0,0.057, NS
21, 19, 91,120,9627.8,0.491, NS
40, 32, 10,87,840.0,0.867, NS
6, 39, 25,107,3393.75,0.03, LL
39, 36, 23,42,2287.35,0.635, NS
13, 20, 27,43,1875.15,0.948, NS
32, 33, 383,371,92804.54761904762,0.0, HH
51, 46, 131,159,18772.300000000003,0.076, NS
24, 29, 33,75,2647.857142857143,0.965, NS
43, 42, 92,123,7019.599999999999,0.965, NS
16, 25, 87,246,24927.239999999998,0.0, LL
35, 38, 42,85,3544.8,0.854, NS
1, 45, 1,15,16.9375,1.0, NS
17, 26, 6,10,94.92857142857143,1.0, NS
36, 39, 8,65,835.0,0.544, NS
9, 22, 90,134,10913.571428571428,0.185, NS
28, 35, 75,97,7192.5,0.691, NS
5, 51, 106,28,18382.166666666664,0.0, HH
20, 36, 26,34,2236.0,0.799, NS
39, 49, 103,188,11138.981818181817,0.444, NS
12, 32, 29,36,1225.25,1.0, NS
31, 45, 43,56,2490.4166666666665,0.999, NS
23, 41, 10,44,957.5,0.638, NS
13, 33, 244,144,62163.06666666667,0.0, HH
32, 46, 71,95,5771.285714285715,0.935, NS
24, 42, 70,210,10933.611111111111,0.004, LL
16, 38, 84,112,13157.759999999998,0.013, LL
35, 51, 15,25,612.0,0.999, NS
9, 35, 60,161,7755.4285714285725,0.109, NS
50, 36, 8,15,577.6,0.913, NS
42, 32, 633,429,137737.7857142857,0.0, HH
8, 39, 22,120,1476.0625,0.994, NS
19, 48, 49,125,6381.4333333333325,0.119, NS
11, 44, 23,48,548.1666666666666,1.0, NS
20, 49, 7,45,309.0769230769231,1.0, NS
12, 45, 2,16,17.692307692307693,1.0, NS
4, 41, 3,7,59.400000000000006,1.0, NS
47, 2, 4,6,222.6,0.992, NS
5, 5, 276,18,47328.88888888889,0.0, HH
46, 43, 492,354,72205.92,0.027, HH
38, 39, 108,121,6196.5,1.0, NS
49, 48, 23,53,1976.230769230769,0.895, NS
7, 51, 76,91,7058.5,0.759, NS
6, 6, 19,37,3075.3611111111113,0.002, LL
39, 3, 214,369,27750.967741935485,0.117, NS
50, 49, 10,17,441.11111111111114,0.999, NS
42, 45, 44,70,1666.5,1.0, NS
51, 13, 10,37,708.0,0.952, NS
43, 9, 51,74,3645.7714285714283,0.979, NS
35, 5, 11,14,381.3333333333333,1.0, NS
1, 12, 5,62,396.78571428571433,0.834, NS
34, 46, 5,2,88.4,1.0, NS
37, 51, 214,177,44929.299999999996,0.0, HH
36, 6, 1,24,151.06666666666666,0.018, LL
5, 18, 5,2,175.55555555555557,1.0, NS
20, 3, 32,59,1421.7142857142858,0.995, NS
39, 16, 120,262,19668.0,0.001, HH
31, 12, 9,30,407.73913043478257,1.0, NS
23, 8, 102,109,19380.0,0.005, HH
32, 13, 164,197,39603.65714285715,0.0, HH
24, 9, 52,217,6578.0,0.113, NS
16, 5, 14,8,756.9333333333334,1.0, NS
35, 18, 40,74,8772.0,0.0, LL
1, 25, 38,197,8474.0,0.0, LL
9, 2, 7,5,350.51851851851853,0.999, NS
50, 3, 10,44,461.11111111111114,0.979, NS
8, 6, 2,25,133.75,0.978, NS
27, 19, 24,61,2633.2799999999997,0.42, NS
19, 15, 239,175,52938.5,0.0, HH
11, 11, 63,79,2961.0,0.997, NS
30, 24, 39,48,2471.625,1.0, NS
20, 16, 24,39,2060.3999999999996,0.802, NS
12, 12, 15,14,446.25,1.0, NS
31, 25, 74,153,11292.4,0.013, LL
4, 8, 8,28,307.3333333333333,0.998, NS
23, 21, 64,113,9098.666666666666,0.069, NS
46, 10, 15,72,426.85714285714283,1.0, NS
38, 6, 12,31,744.4,0.994, NS
49, 15, 17,40,1464.4878048780488,0.889, NS
15, 22, 52,77,4425.777777777778,0.888, NS
7, 18, 26,34,2741.375,0.522, NS
26, 31, 11,34,436.7916666666667,1.0, NS
18, 27, 85,112,16787.5,0.0, LL
50, 16, 10,32,680.0,0.934, NS
42, 12, 23,51,1104.0,0.999, NS
8, 19, 9,50,817.65,0.721, NS
27, 32, 59,134,8652.771428571428,0.01, LL
19, 28, 132,299,27390.0,0.0, HH
11, 24, 47,138,4480.666666666666,0.7, NS
30, 37, 201,125,32310.75,0.003, HH
34, 13, 7,14,699.44,0.593, NS
4, 21, 10,29,450.0,0.999, NS
45, 22, 486,275,75573.0,0.021, HH
37, 18, 6,21,357.6,0.999, NS
22, 38, 362,227,71036.46666666666,0.0, HH
14, 34, 7,11,446.3666666666667,0.994, NS
46, 23, 566,381,125708.59999999999,0.0, HH
38, 19, 85,104,12287.6,0.05, NS
49, 28, 26,42,1683.8095238095239,0.999, NS
15, 35, 67,157,12955.566666666668,0.0, LL
7, 31, 212,305,49148.66666666667,0.0, HH
26, 44, 47,86,3521.0833333333335,0.917, NS
18, 40, 12,44,1340.5,0.357, NS
41, 29, 208,183,42033.828571428574,0.0, HH
33, 25, 88,139,13282.133333333333,0.008, LL
44, 34, 10,8,344.3333333333333,1.0, NS
10, 41, 116,188,14993.828571428572,0.083, NS
45, 35, 4,17,65.4,1.0, NS
37, 31, 128,189,24648.533333333333,0.0, HH
3, 38, 70,93,4522.0,0.98, NS
22, 51, 127,139,15938.5,0.168, NS
14, 47, 241,189,58996.8,0.0, HH