Global Moran's I value is: 681781.4828. It is positive, significantly at 0.01 level.
O, D, V, MoranI, p-value, pattern
18, 29, 509.862953, 730.3320317146408, 0.006, LL
32, 9, 510.2795344, 1116.2151384427916, 0.0, LL
10, 9, 502.0566553, 2024.7681482061569, 0.0, LL
3, 18, 497.8527057, 3188.0139723262305, 0.0, LL
14, 18, 497.8675657, 3174.456399171476, 0.0, LL
32, 1, 502.6883595, 2110.949967125909, 0.0, LL
7, 10, 502.1935323, 1658.4058908332556, 0.0, LL
17, 13, 503.0305898, 2017.6451230584921, 0.0, LL
34, 14, 493.5922137, 1354.5130972142765, 0.0, LL
32, 24, 494.7330371, 1956.5809209026286, 0.0, LL
32, 37, 500.461671, 1887.6610369747393, 0.0, LL
14, 37, 504.3007008, 3123.2474661177184, 0.0, LL
4, 10, 492.8067166, 3208.5541135744766, 0.0, LL
7, 2, 497.642196, 688.8611727561635, 0.01, LL
30, 20, 497.804498, 3189.4591178448973, 0.0, LL
20, 21, 504.545179, 1794.8004849276613, 0.0, LL
28, 10, 497.2655476, 2068.0702310510164, 0.0, LL
20, 20, 494.9313573, 2352.378496535931, 0.0, LL
32, 21, 499.4766589, 1411.7238376675257, 0.0, LL
7, 20, 499.3831047, 1335.47934933485, 0.0, LL
7, 21, 498.4986973, 829.8785185589455, 0.008, LL
7, 9, 504.7609707, 996.4970509128766, 0.001, LL
29, 37, 503.251131, 2376.3403868735804, 0.0, LL
13, 20, 492.7667862, 3223.995873341758, 0.0, LL
4, 2, 503.8920059, 2073.547302660213, 0.0, LL
29, 14, 498.490613, 2430.5911289825526, 0.0, LL
8, 9, 500.4713394, 1945.5839216063266, 0.0, LL
17, 37, 496.3842368, 3187.112103860345, 0.0, LL
29, 1, 498.6429888, 2406.713445442938, 0.0, LL
28, 13, 491.561087, 1250.244690604738, 0.0, LL
13, 24, 497.7202071, 3193.0409572428644, 0.0, LL
13, 29, 501.8571814, 1463.381424731052, 0.0, LL
29, 18, 498.4926555, 2637.982023756264, 0.0, LL
4, 37, 502.2033814, 3142.6410736770094, 0.0, LL
8, 21, 501.8591825, 2301.915302805804, 0.0, LL
3, 9, 493.1235935, 2064.544514228633, 0.0, LL
3, 30, 502.2024834, 3137.004928890633, 0.0, LL
10, 10, 500.9922515, 3144.459278799219, 0.0, LL
17, 1, 499.8526132, 3159.6260264135713, 0.0, LL
13, 14, 496.2005079, 3187.954153595199, 0.0, LL
1, 8, 499.4071503, 2239.401671275355, 0.0, LL
28, 21, 495.5140277, 1450.4556155977452, 0.0, LL
20, 14, 496.9702656, 2436.8136176636085, 0.0, LL
13, 15, 500.9570422, 3152.3821167220644, 0.0, LL
20, 29, 503.0793019, 1049.6202964826593, 0.0, LL
28, 15, 501.9450432, 2071.494296544965, 0.0, LL
3, 15, 501.1309213, 3160.46411878437, 0.0, LL
32, 30, 504.2956249, 2115.138114613127, 0.0, LL
1, 18, 498.4995697, 3183.90982348977, 0.0, LL
32, 10, 493.6895257, 2166.311939091084, 0.0, LL
32, 18, 503.1908551, 1962.0077375283736, 0.0, LL
29, 8, 497.4363044, 1736.1101063059411, 0.0, LL
17, 24, 491.7906429, 3227.6934830322803, 0.0, LL
14, 14, 504.1939116, 3126.3359189002886, 0.0, LL
4, 17, 500.1531871, 1351.784381079845, 0.0, LL
28, 17, 494.923258, 705.435029018404, 0.008, LL
8, 18, 498.1984773, 3187.846867754075, 0.0, LL
10, 17, 498.3963235, 1361.7679474471895, 0.0, LL
1, 37, 498.3083324, 3174.8093570811793, 0.0, LL
10, 20, 499.2534264, 3170.653642734369, 0.0, LL
7, 17, 505.9968753, 450.64521768357383, 0.042, LL
34, 29, 496.1309104, 517.2330546696624, 0.028, LL
8, 20, 500.5842958, 3172.694822539961, 0.0, LL
28, 29, 491.1785335, 720.6606393428177, 0.004, LL
10, 14, 506.8010859, 3107.392594920985, 0.0, LL
1, 9, 501.3194192, 1901.4783238491725, 0.0, LL
18, 20, 494.363416, 2015.9775376933987, 0.0, LL
18, 9, 498.6753871, 1122.1496185548324, 0.0, LL
7, 29, 505.2939934, 452.89062290932435, 0.042, LL
13, 13, 495.1683751, 2096.7953691834487, 0.0, LL
8, 24, 493.1673826, 3235.530149061475, 0.0, LL
14, 10, 501.6873117, 3133.7859414977784, 0.0, LL
30, 29, 489.3857077, 1207.4627751011544, 0.0, LL
20, 15, 495.7526741, 2604.1727852246636, 0.0, LL
18, 8, 510.9089161, 1468.8858855701885, 0.0, LL
17, 14, 496.8266057, 3185.351521876681, 0.0, LL
17, 2, 496.5575277, 1959.9371708553679, 0.0, LL
8, 17, 497.1102826, 1374.909842427833, 0.0, LL
3, 29, 489.7173312, 1712.6090894282495, 0.0, LL
10, 18, 493.951333, 3207.6331223380985, 0.0, LL
8, 37, 503.7991679, 3126.952509967681, 0.0, LL
13, 21, 507.7113494, 2200.562320030037, 0.0, LL
10, 21, 501.8529336, 2321.304844483287, 0.0, LL
18, 14, 506.9007251, 2036.7438418085137, 0.0, LL
28, 20, 493.6421904, 2032.9515317812034, 0.0, LL
17, 18, 506.7685321, 3115.8294043343117, 0.0, LL
7, 30, 505.0482497, 1677.4238173598762, 0.0, LL
8, 29, 498.5534778, 1062.7807475172083, 0.002, LL
34, 1, 504.118781, 1502.8942666255055, 0.0, LL
34, 13, 499.8224022, 944.9121232953984, 0.001, LL
3, 20, 496.7095934, 3196.875534184646, 0.0, LL
29, 24, 492.4042097, 2591.162267320894, 0.0, LL
13, 17, 495.025505, 1246.8462714892632, 0.0, LL
10, 37, 496.6721585, 3184.9740148633678, 0.0, LL
8, 8, 487.6214387, 2493.0819324108907, 0.0, LL
30, 1, 504.3947677, 3131.899168163594, 0.0, LL
29, 9, 502.9043184, 1371.4368031529411, 0.0, LL
32, 13, 496.8759097, 1304.9874093931637, 0.0, LL
34, 20, 499.5898923, 1318.5635076227836, 0.001, LL
8, 1, 498.7617128, 3169.4298899700034, 0.0, LL
14, 2, 498.330729, 1758.3760076294836, 0.0, LL
28, 24, 503.4934272, 2000.9661721939178, 0.0, LL
17, 8, 502.8125963, 2213.743110180838, 0.0, LL
3, 8, 499.2605834, 2320.182537394151, 0.0, LL
4, 18, 494.1858899, 3211.279082692056, 0.0, LL
30, 15, 506.9141469, 3109.918083263519, 0.0, LL
32, 15, 502.298308, 1925.9156549690276, 0.0, LL
4, 24, 502.4423075, 3147.1924446319726, 0.0, LL
20, 1, 502.706761, 2399.9122143752115, 0.0, LL
34, 24, 503.4623911, 1280.0245285889912, 0.0, LL
1, 15, 500.5102384, 3159.2973805971, 0.0, LL
3, 2, 492.0403689, 1892.2715859813356, 0.0, LL
29, 15, 500.2317486, 2442.995711340571, 0.0, LL
17, 9, 504.306209, 1976.8052073714232, 0.0, LL
1, 1, 504.1475456, 3130.2077563438556, 0.0, LL
34, 18, 505.4443478, 1274.0837138022873, 0.0, LL
20, 37, 500.5384099, 2440.2482166699924, 0.0, LL
18, 21, 494.2154585, 1405.811981162787, 0.0, LL
3, 13, 507.4788077, 2158.722177242061, 0.0, LL
28, 1, 509.622233, 1933.9371433016515, 0.0, LL
20, 18, 496.8343186, 2488.8254616050876, 0.0, LL
32, 2, 504.7380863, 965.2961402522914, 0.0, LL
14, 8, 490.3725328, 2533.0286154673936, 0.0, LL
4, 9, 502.1441805, 1923.6565435125833, 0.0, LL
14, 9, 495.3301652, 2119.8592873599487, 0.0, LL
18, 2, 500.3402847, 1229.9350722781378, 0.0, LL
8, 30, 502.2907679, 3147.0825452333875, 0.0, LL
3, 21, 493.7909246, 2216.3240260641405, 0.0, LL
28, 14, 500.7732506, 1941.3968996154329, 0.0, LL
34, 21, 511.7099902, 763.7156150547012, 0.008, LL
32, 17, 499.339625, 578.1412275224765, 0.013, LL
4, 30, 497.1817362, 3177.0099469209404, 0.0, LL
18, 24, 500.5272598, 1938.1953501581038, 0.0, LL
32, 8, 506.5768103, 1304.5321611255392, 0.001, LL
4, 13, 499.6950396, 2209.495149386277, 0.0, LL
1, 20, 491.6893274, 3235.6730730996173, 0.0, LL
10, 29, 503.6369313, 1384.1031415526425, 0.0, LL
14, 30, 495.5412767, 3176.8124226210593, 0.0, LL
20, 8, 507.4745973, 1724.146307641545, 0.0, LL
4, 29, 491.5256788, 1682.5624163849404, 0.0, LL
10, 2, 495.9437496, 1974.3658322242275, 0.0, LL
34, 30, 509.7865642, 1507.7765374981132, 0.0, LL
4, 21, 501.1355956, 2421.139880853387, 0.0, LL
32, 14, 496.9342449, 2050.5574407124027, 0.0, LL
30, 21, 495.6533941, 2325.5009176681115, 0.0, LL
18, 30, 504.6888585, 2396.1927453748617, 0.0, LL
1, 21, 500.4492139, 2161.2602242125377, 0.0, LL
3, 17, 508.3830153, 1271.2317732155682, 0.0, LL
34, 9, 502.1871909, 738.0570995414739, 0.007, LL
34, 15, 500.0769136, 1303.4175637866995, 0.0, LL
29, 13, 506.6050044, 1240.8919557147499, 0.0, LL
7, 14, 498.6535288, 1500.022804370899, 0.0, LL
30, 2, 497.2990134, 1970.1969162905436, 0.0, LL
10, 15, 496.0454152, 3186.576239335702, 0.0, LL
20, 30, 486.6404924, 2755.26267241203, 0.0, LL
8, 14, 490.8562523, 3230.7428219148505, 0.0, LL
3, 37, 517.2709242, 3033.5979767065674, 0.0, LL
17, 29, 491.3073555, 1655.6410809116019, 0.0, LL
34, 8, 504.7887512, 935.81930635205, 0.006, LL
14, 13, 496.1991287, 2042.2091876631112, 0.0, LL
18, 15, 501.0165807, 2228.9071355322553, 0.0, LL
20, 10, 500.9962697, 2529.7339352218596, 0.0, LL
14, 29, 496.6776632, 1372.7695168597763, 0.0, LL
29, 21, 491.5453445, 1954.9988177862153, 0.0, LL
18, 18, 504.0175409, 2044.3065004610642, 0.0, LL
14, 24, 493.9669387, 3206.6304013322597, 0.0, LL
7, 37, 506.6833538, 1552.4079301712954, 0.0, LL
13, 8, 509.9404403, 2372.50212953915, 0.0, LL
34, 37, 506.7201657, 1348.120582231995, 0.0, LL
30, 17, 493.866123, 1491.0159442149097, 0.0, LL
3, 14, 503.7830118, 3138.2328385583155, 0.0, LL
20, 17, 494.5974208, 1226.3430855415681, 0.0, LL
29, 20, 498.3163484, 2591.085814699872, 0.0, LL
28, 2, 494.2398608, 1168.0739698160064, 0.0, LL
18, 1, 494.7058948, 2124.740900755865, 0.0, LL
14, 21, 499.2171387, 2196.60565913169, 0.0, LL
28, 8, 502.8304272, 1647.8488291589754, 0.0, LL
8, 13, 499.2848907, 1997.6900809448548, 0.0, LL
10, 30, 500.2356392, 3147.982197398005, 0.0, LL
30, 8, 497.4096151, 2481.1229674885894, 0.0, LL
13, 30, 502.7177385, 3132.9172658691105, 0.0, LL
30, 9, 502.6271817, 2039.2306902981957, 0.0, LL
34, 2, 504.1738739, 658.0908250349487, 0.009, LL
28, 9, 494.8406737, 1336.6532225569647, 0.0, LL
3, 10, 509.9599975, 3080.385443670503, 0.0, LL
7, 8, 499.8906585, 1321.523838425983, 0.0, LL
30, 37, 494.5336682, 3201.757372041893, 0.0, LL
30, 18, 496.7614518, 3192.8592584750577, 0.0, LL
29, 29, 500.0615471, 765.6617359394736, 0.011, LL
34, 10, 499.9030271, 1627.7188409147939, 0.0, LL
13, 10, 493.0906869, 3205.7031590400857, 0.0, LL
7, 1, 504.1717093, 1413.8016457368003, 0.0, LL
8, 10, 495.6800137, 3192.871138513226, 0.0, LL
1, 29, 506.8429684, 1274.7524508001468, 0.001, LL
4, 20, 501.3635532, 3158.584793071901, 0.0, LL
7, 24, 502.0931619, 1306.3050343529053, 0.0, LL
20, 2, 499.1232532, 1654.661854619383, 0.0, LL
4, 15, 502.3733742, 3153.4451925499166, 0.0, LL
32, 29, 498.1004241, 793.0866088887581, 0.001, LL
3, 24, 501.1403465, 3163.806036646222, 0.0, LL
1, 14, 501.5182548, 3152.824416138521, 0.0, LL
8, 2, 505.2550071, 1897.7205768729702, 0.0, LL
32, 20, 496.121361, 2078.27420515693, 0.0, LL
1, 17, 499.8659633, 1284.3303518657287, 0.0, LL
30, 14, 500.2648766, 3161.957753158, 0.0, LL
28, 37, 496.3693771, 2108.118147831284, 0.0, LL
20, 9, 498.1734489, 1391.7511975625184, 0.0, LL
7, 18, 499.5848303, 1392.4037733469595, 0.0, LL
30, 10, 496.101454, 3187.896964721269, 0.0, LL
13, 9, 495.14047, 2101.8718623250247, 0.0, LL
20, 24, 505.4864105, 2291.181235154539, 0.0, LL
18, 10, 504.6714646, 2276.930287868507, 0.0, LL
4, 8, 496.4520072, 2237.810585737061, 0.0, LL
4, 1, 495.8182441, 3186.439870587589, 0.0, LL
17, 17, 499.6538976, 1302.8425568536602, 0.0, LL
1, 13, 500.4768851, 2018.706427545544, 0.0, LL
1, 2, 499.6066358, 1796.935678523416, 0.0, LL
13, 2, 498.2459314, 1828.1221086357557, 0.0, LL
13, 18, 496.1502091, 3197.1943588235686, 0.0, LL
13, 37, 494.6069268, 3198.073280330673, 0.0, LL
10, 13, 496.0442723, 1995.9399075040278, 0.0, LL
29, 2, 494.0285693, 1549.8440980261846, 0.0, LL
10, 24, 498.1610462, 3184.346253860957, 0.0, LL
29, 17, 500.9087444, 862.5120946260495, 0.006, LL
29, 30, 501.8768491, 2345.4137738846716, 0.0, LL
3, 1, 495.4525457, 3194.262475806873, 0.0, LL
17, 30, 501.367814, 3142.2500092102923, 0.0, LL
17, 20, 487.1914431, 3262.4366934459276, 0.0, LL
10, 8, 503.9201727, 2362.8573825223975, 0.0, LL
18, 37, 506.6551745, 2022.0752293626983, 0.0, LL
10, 1, 513.0866272, 3062.5831380196796, 0.0, LL
28, 30, 507.6472, 2029.9116836716382, 0.0, LL
30, 13, 501.3224167, 1959.9830406116837, 0.0, LL
29, 10, 505.6343187, 2325.3079816908667, 0.0, LL
18, 13, 500.8569909, 1337.676418013645, 0.0, LL
14, 17, 501.2988941, 1333.4296577593707, 0.0, LL
1, 24, 494.1248724, 3221.531314062437, 0.0, LL
8, 15, 496.638484, 3187.6672760236643, 0.0, LL
14, 1, 497.2077898, 3177.669357879314, 0.0, LL
34, 17, 495.9817757, 593.698641180616, 0.01, LL
4, 14, 492.6902274, 3215.6864058210726, 0.0, LL
18, 17, 499.7509256, 1001.8294860157612, 0.0, LL
14, 15, 497.7429344, 3175.9948942576743, 0.0, LL
28, 18, 499.1117125, 2114.1116051880167, 0.0, LL
1, 30, 494.9390404, 3193.367796464726, 0.0, LL
30, 24, 492.366455, 3235.610562884321, 0.0, LL
30, 30, 504.4995663, 3121.576477839876, 0.0, LL
17, 21, 506.1223702, 2231.8742670232195, 0.0, LL
13, 1, 493.2936669, 3209.6495031941217, 0.0, LL
1, 10, 497.4561568, 3176.571945770531, 0.0, LL
7, 15, 499.168716, 1576.1675218707503, 0.0, LL
17, 10, 499.665335, 3155.3883024100073, 0.0, LL
7, 13, 500.1311622, 952.0483282782744, 0.002, LL
17, 15, 502.1869488, 3148.037476101342, 0.0, LL
20, 13, 500.8953649, 1636.6975267983994, 0.0, LL
14, 20, 502.2665813, 3147.5411291805804, 0.0, LL
34, 26, 1076.605089, 387.1127097412368, 0.105, NS
30, 33, 1171.023452, 320.8528954314006, 0.133, NS
30, 34, 1163.190491, 574.101396441907, 0.036, HH
25, 14, 1234.94506, 1004.9920049166781, 0.0, HH
1, 25, 1146.087541, 472.1383799599126, 0.138, NS
2, 4, 797.9665666, -192.3851976419527, 0.381, NS
22, 35, 876.0076479, -62.297662539535025, 0.667, NS
12, 29, 1078.112573, 385.4355088937622, 0.063, NS
30, 5, 887.1731505, -29.95660135022291, 0.755, NS
25, 9, 774.1235597, -261.4378279080396, 0.182, NS
30, 22, 1126.077523, -159.66576630929347, 0.267, NS
29, 33, 1359.041133, 965.5484637877416, 0.008, HH
3, 33, 925.5576207, 43.4359431704013, 0.715, NS
4, 33, 1049.278831, 359.1711774855422, 0.195, NS
32, 6, 767.0553331, 156.30009751868897, 0.355, NS
36, 8, 934.2228389, -23.412104019340973, 0.791, NS
14, 6, 1165.17425, -824.3201261994088, 0.006, HH
37, 25, 1199.015973, 798.0799906734716, 0.045, HH
4, 32, 1157.702772, 622.4733367833716, 0.035, HH
35, 30, 1077.147147, 384.7764305430492, 0.201, NS
11, 18, 794.2234918, 42.687540347849584, 0.667, NS
18, 12, 1285.733786, -82.82486268407938, 0.479, NS
17, 32, 1071.499816, 315.6295108814841, 0.109, NS
5, 20, 1013.592702, 345.34777731701877, 0.213, NS
16, 9, 1172.683425, 358.0257576634485, 0.105, NS
22, 36, 1176.248076, 503.47886993686785, 0.113, NS
16, 12, 1149.764755, 435.991012466838, 0.083, NS
9, 33, 822.3561855, -173.16065530939403, 0.338, NS
23, 20, 1102.906806, 386.40339392217055, 0.145, NS
28, 4, 1076.685933, 367.82452347359964, 0.117, NS
22, 7, 1124.624668, 165.5113778702018, 0.323, NS
16, 2, 1182.501069, 208.3242132551473, 0.24, NS
2, 33, 1156.285638, 469.6502522370964, 0.139, NS
12, 8, 986.3183258, 248.24943099264235, 0.215, NS
23, 31, 996.0934382, 106.85769224407406, 0.42, NS
27, 17, 932.024201, 28.895866977165603, 0.732, NS
15, 35, 1086.465317, 407.20071580757775, 0.104, NS
35, 22, 1080.169936, 156.5541617661072, 0.38, NS
3, 32, 1104.553884, 522.9315570863408, 0.051, NS
27, 35, 1164.383181, 427.31263004090056, 0.08, NS
9, 17, 859.6591264, -120.64170328024149, 0.359, NS
26, 4, 1100.501257, 281.2367090438607, 0.223, NS
17, 27, 1082.974361, -283.16962198902513, 0.15, NS
4, 28, 584.4212667, -143.62312591173188, 0.369, NS
8, 26, 937.0536969, 59.4247002436194, 0.673, NS
19, 20, 1259.939835, 72.35179108746041, 0.546, NS
2, 2, 725.762395, -354.90896393934923, 0.161, NS
19, 32, 1405.248814, 1014.5164281360186, 0.0, HH
16, 8, 1069.052001, 283.91745543876783, 0.233, NS
19, 8, 1002.530685, 65.41847609304982, 0.585, NS
27, 30, 1064.760401, 9.322705864523018, 0.902, NS
23, 18, 1237.49804, 464.1142841229499, 0.064, NS
34, 28, 1207.057143, 363.8182087652452, 0.095, NS
27, 10, 481.6758641, -22.02487365378115, 0.78, NS
26, 11, 903.3232965, -1.4905554341680247, 0.97, NS
11, 5, 1011.817327, 230.63608456743202, 0.268, NS
13, 35, 1378.860296, 1304.4282409749383, 0.0, HH
9, 21, 1122.824408, 295.07929465080355, 0.175, NS
23, 25, 774.7339878, -116.64320752263531, 0.542, NS
32, 36, 1056.451, 275.5939388170252, 0.193, NS
14, 4, 948.0707723, 83.959391064118, 0.545, NS
9, 10, 944.6584668, 59.8233279719872, 0.573, NS
28, 26, 781.6817579, -192.7096888210493, 0.277, NS
10, 36, 937.4327343, 53.82901411317378, 0.673, NS
34, 4, 1319.96866, 702.1378138616792, 0.021, HH
14, 25, 804.9945072, -67.88921829652156, 0.606, NS
15, 24, 1250.188262, -402.2700985017507, 0.123, NS
37, 31, 968.9715507, 61.78377407284138, 0.658, NS
23, 14, 882.3077828, -57.734257095936975, 0.619, NS
26, 16, 1511.495654, 1079.0236769584576, 0.003, HH
21, 22, 1106.779885, 28.501239925425008, 0.755, NS
9, 7, 1242.84611, 544.3508322181166, 0.025, HH
23, 35, 1094.683449, 91.2153870631823, 0.544, NS
8, 16, 821.6994351, -85.89913375462874, 0.54, NS
1, 34, 1203.995444, 380.17033184144043, 0.161, NS
17, 3, 1106.865985, -390.2840801714413, 0.096, NS
6, 21, 809.7034406, 17.502812567996887, 0.842, NS
19, 4, 1021.039011, 213.4854776549605, 0.251, NS
9, 15, 852.9256148, -117.733275440386, 0.439, NS
12, 36, 1297.784958, 739.3521063816655, 0.014, HH
19, 11, 955.1516429, 53.13469071424079, 0.614, NS
29, 35, 1131.957011, 662.4120922162598, 0.04, HH
21, 1, 840.6672835, 149.40089354556227, 0.355, NS
32, 19, 1051.140303, 288.75462839018115, 0.174, NS
35, 35, 952.9103368, 144.0983934157345, 0.441, NS
23, 8, 1056.421092, 239.26693795196653, 0.282, NS
20, 11, 1214.280689, -236.25284737129803, 0.228, NS
12, 22, 1020.055444, 95.15823601646282, 0.445, NS
9, 22, 906.8931224, -0.8064887055968436, 0.979, NS
15, 19, 1085.108398, 115.48054337774747, 0.442, NS
11, 14, 847.9829771, 72.87571101513352, 0.514, NS
26, 17, 1242.549797, -149.7729992600333, 0.35, NS
20, 35, 976.6659522, 132.61715759326626, 0.445, NS
29, 19, 948.9864335, 103.33200655299109, 0.499, NS
12, 11, 933.8535432, 46.46622030210651, 0.625, NS
15, 31, 1029.564553, 270.0167218503948, 0.144, NS
5, 36, 822.5908708, -110.64963818263791, 0.572, NS
35, 29, 1106.497813, 460.0015615366426, 0.084, NS
4, 22, 865.6555879, 33.185186754044324, 0.775, NS
21, 29, 1075.125273, -49.111290719029164, 0.646, NS
5, 31, 603.0576946, -630.4969467982991, 0.038, LH
32, 34, 1243.11971, 1089.512624003369, 0.001, HH
30, 4, 960.9093225, 69.03200630057906, 0.567, NS
35, 24, 925.0362489, 16.778848799936974, 0.888, NS
34, 16, 696.6500747, -138.59704749011087, 0.317, NS
15, 6, 1139.452617, 220.188049286119, 0.224, NS
35, 15, 851.6513388, -184.29397668228412, 0.396, NS
12, 27, 1064.465439, 401.57392727508744, 0.051, NS
28, 23, 1062.277975, 372.18329332530084, 0.133, NS
6, 37, 904.7510398, 3.3189859234858887, 0.951, NS
30, 28, 845.0672828, -43.101014366305144, 0.66, NS
12, 19, 894.2677293, -11.497395835492597, 0.886, NS
14, 33, 447.3292476, -515.3594883849729, 0.045, LH
31, 8, 802.5048604, -236.30482967104425, 0.275, NS
37, 17, 1035.30397, 123.67518195218227, 0.46, NS
23, 7, 1165.843355, 135.0225044782579, 0.375, NS
34, 22, 1444.066894, -112.03661790265738, 0.361, NS
13, 4, 1001.124587, 170.3201373421848, 0.339, NS
10, 4, 997.68142, 173.3592522734277, 0.317, NS
37, 22, 1007.494471, 140.09561631732413, 0.386, NS
12, 9, 1300.135709, 918.4929780520675, 0.0, HH
25, 26, 980.3618232, 81.20533263805117, 0.598, NS
33, 25, 1150.247482, 547.735236940107, 0.092, NS
31, 5, 1150.709524, 630.3377973411866, 0.061, NS
34, 27, 1298.973862, 210.40148836680723, 0.213, NS
1, 12, 608.8993937, 41.3104371721017, 0.711, NS
3, 7, 1067.988302, 261.8532248880986, 0.215, NS
7, 16, 1288.473102, 354.0329167407126, 0.098, NS
19, 17, 894.8446313, -10.408379606541086, 0.886, NS
13, 36, 1127.220453, 417.871335693171, 0.113, NS
36, 15, 607.0596702, 485.34627329715477, 0.047, LL
2, 36, 778.4137274, -263.0919804446268, 0.295, NS
5, 11, 1260.793951, 116.07933114573517, 0.443, NS
5, 26, 1022.958387, 172.88935777883012, 0.37, NS
4, 26, 766.5735146, -169.54009485195482, 0.415, NS
1, 6, 930.2858858, -37.417499307850036, 0.756, NS
22, 9, 800.0478334, -212.17676114629967, 0.247, NS
8, 3, 987.7484923, -110.02736529640552, 0.532, NS
28, 32, 826.6948413, -221.12857709672735, 0.203, NS
11, 24, 829.292674, -6.814773370572973, 0.924, NS
36, 17, 718.7864001, 79.82238266154678, 0.458, NS
21, 12, 735.8023907, -94.67111330957471, 0.479, NS
33, 37, 953.9456308, 180.14986568775416, 0.324, NS
32, 22, 932.8545814, 5.466655587706083, 0.928, NS
5, 14, 1261.495109, 928.4987403894656, 0.009, HH
21, 25, 1040.665952, 326.7547834295393, 0.205, NS
12, 21, 1153.511126, 319.85743240319084, 0.138, NS
37, 27, 1152.185937, 571.3102261951826, 0.057, NS
8, 4, 796.0553281, -181.23002188860033, 0.394, NS
33, 17, 992.4051319, 215.21631976614404, 0.262, NS
29, 25, 749.6140073, -139.87423891377833, 0.461, NS
26, 33, 792.5458215, -358.4819039096439, 0.175, NS
16, 16, 1004.933735, 147.00388165889126, 0.349, NS
31, 34, 1159.101988, 281.2333644791274, 0.2, NS
30, 19, 825.4739723, -148.35679477951763, 0.343, NS
9, 19, 972.5387347, 62.77499115973306, 0.61, NS
5, 25, 1133.356619, 541.4201497943155, 0.103, NS
26, 5, 1128.246533, 375.9695686346033, 0.194, NS
17, 7, 1060.250842, 216.98752501089083, 0.191, NS
9, 26, 936.0004269, 53.514921944834406, 0.605, NS
31, 33, 1195.368113, 564.1269594788664, 0.064, NS
10, 31, 1024.286403, 316.6678254850863, 0.117, NS
36, 18, 1305.479931, -578.3457911693886, 0.017, HH
8, 5, 960.9368103, 86.4405620106393, 0.64, NS
24, 5, 755.7016729, -312.02124653577886, 0.186, NS
34, 35, 1085.459377, 436.44416403623325, 0.064, NS
25, 31, 825.0555747, -89.63956692741765, 0.512, NS
31, 10, 876.2311175, -60.94380372617795, 0.593, NS
5, 22, 1003.01531, 267.44914223736384, 0.221, NS
23, 23, 845.1598566, -115.75150251134313, 0.524, NS
12, 10, 870.1620213, -95.71843593551837, 0.451, NS
33, 1, 1011.748351, 235.87208295194176, 0.211, NS
20, 3, 983.8466531, -188.055917354257, 0.329, NS
2, 23, 1250.40571, 241.55870800276114, 0.31, NS
9, 34, 732.0771565, -348.32651644778355, 0.118, NS
25, 28, 765.941417, -192.82109009603343, 0.263, NS
25, 17, 1147.234649, 403.184246928224, 0.125, NS
21, 5, 1297.702802, 430.8882557675045, 0.139, NS
15, 13, 979.4889908, -25.32325680408155, 0.766, NS
31, 17, 964.5276955, 112.7491638598738, 0.431, NS
21, 18, 1422.061465, -1408.4359475124052, 0.0, HH
33, 8, 860.1308593, -125.78554727946073, 0.469, NS
3, 6, 1179.878649, -686.3258986772813, 0.031, HH
25, 19, 811.1030303, -263.9360559928804, 0.251, NS
32, 5, 840.6053529, -250.70089786616413, 0.238, NS
27, 13, 1120.477222, 139.035356104981, 0.325, NS
35, 10, 1296.093818, 947.4982618547706, 0.004, HH
35, 16, 1256.216556, 618.2044764644119, 0.034, HH
2, 27, 956.2329269, 17.285604616950575, 0.852, NS
27, 4, 592.460227, -381.7844164758709, 0.11, NS
12, 25, 1086.92166, 492.7984384005023, 0.097, NS
32, 32, 1037.307773, 244.34422368661438, 0.168, NS
35, 5, 1365.921756, 1180.6290938261398, 0.011, HH
2, 16, 1316.026406, 590.5237579010645, 0.047, HH
29, 27, 861.8442603, 52.37597416415701, 0.618, NS
7, 22, 1066.577683, 103.36758215649529, 0.435, NS
4, 12, 1007.853021, -35.3241196276455, 0.735, NS
26, 10, 1183.698603, -536.0006332833921, 0.037, HH
22, 10, 308.0151238, -521.7126411514129, 0.043, LH
18, 23, 1043.609912, 266.6764592746194, 0.195, NS
2, 26, 850.7825993, -48.49724655981374, 0.732, NS
26, 18, 950.424581, -79.49298975802184, 0.548, NS
14, 32, 1053.234641, 266.4839510958246, 0.12, NS
20, 28, 817.0812624, -75.20493921521191, 0.555, NS
26, 26, 987.0768045, 66.92820765741125, 0.6, NS
16, 4, 1172.715324, 190.58609596340986, 0.318, NS
27, 2, 1406.401825, 515.1705478111578, 0.026, HH
37, 8, 882.7699092, -34.38858488320982, 0.769, NS
22, 11, 745.6842997, -166.3982334732425, 0.315, NS
37, 32, 915.6210051, 8.899766655980319, 0.928, NS
24, 7, 1276.039536, 408.99465496814116, 0.066, NS
36, 12, 1090.920705, 66.26533472890843, 0.533, NS
26, 34, 1080.623513, 424.9265279732526, 0.132, NS
15, 23, 1057.27013, 183.5675396964916, 0.352, NS
9, 4, 838.8662134, -134.25356170345842, 0.362, NS
23, 28, 1022.899351, 99.32734500736116, 0.488, NS
15, 21, 982.4867162, -43.422405766859484, 0.685, NS
9, 36, 732.1972054, -439.269054378655, 0.1, NS
36, 3, 1421.169808, 18.35714613919236, 0.813, NS
24, 32, 991.1226343, 127.23908361080436, 0.326, NS
1, 23, 1285.805614, 897.6478932012764, 0.027, HH
24, 33, 1210.962032, 427.3931262545809, 0.069, NS
12, 23, 607.1284846, -192.79225850873635, 0.317, NS
30, 7, 1260.108391, 752.6466411939601, 0.006, HH
23, 4, 1270.556704, 47.10700063535422, 0.703, NS
22, 27, 764.719202, -310.4799318019101, 0.137, NS
11, 30, 839.162702, 92.17434799542059, 0.518, NS
1, 16, 1141.644043, 48.26411737411718, 0.651, NS
37, 3, 969.1001141, 72.26071583612546, 0.623, NS
18, 19, 1099.526336, 220.6676294009861, 0.244, NS
9, 18, 878.7184522, -52.9125567161864, 0.604, NS
27, 16, 998.1510111, 186.76189644467422, 0.235, NS
27, 11, 868.3094824, -41.46855083101451, 0.642, NS
3, 22, 1182.272765, -101.6846848376767, 0.499, NS
33, 34, 1206.332136, 443.58241810394884, 0.091, NS
15, 14, 1109.003274, -227.60869724495933, 0.193, NS
17, 36, 1275.547529, 311.57588586467597, 0.176, NS
19, 37, 924.7047794, 8.4265128776251, 0.881, NS
27, 34, 864.249672, -76.55908640370455, 0.543, NS
3, 34, 866.5782409, -109.03653229648732, 0.496, NS
37, 28, 1026.670054, 218.62697301793602, 0.283, NS
6, 22, 1277.028344, 693.212916210994, 0.014, HH
21, 17, 812.2508587, 139.63872816646665, 0.369, NS
33, 21, 851.4322129, -54.56589487926265, 0.647, NS
2, 22, 990.8835368, 66.68870400631549, 0.623, NS
31, 6, 876.2333159, -64.27912237023082, 0.666, NS
20, 12, 631.7188049, 48.43882883941986, 0.679, NS
25, 23, 1144.582971, 531.2087534303924, 0.096, NS
29, 4, 656.1866149, -427.99362415182634, 0.123, NS
31, 31, 767.0544152, -276.5144352809872, 0.177, NS
31, 23, 958.629427, 61.60148444105344, 0.656, NS
25, 24, 954.205001, 134.00381960585563, 0.486, NS
9, 23, 928.0253031, 19.558990581937465, 0.835, NS
23, 33, 1014.397218, 190.43803687386722, 0.321, NS
27, 21, 819.9890655, -73.2646082565971, 0.564, NS
22, 17, 1009.434016, 99.94900830226595, 0.461, NS
4, 27, 890.7741415, 22.217893034358237, 0.799, NS
4, 5, 1030.730065, 309.23802408505605, 0.266, NS
2, 20, 1180.690771, 180.1101875223872, 0.371, NS
28, 31, 1074.395992, 471.92386059713755, 0.04, HH
33, 19, 1042.864838, 114.8724829423985, 0.478, NS
35, 21, 907.4500693, -0.23416021160093373, 0.996, NS
36, 21, 861.9104138, 26.713063847666962, 0.778, NS
36, 22, 608.6624594, -171.80077294018832, 0.269, NS
18, 35, 646.201738, -749.0640424939678, 0.014, LH
33, 18, 775.0406533, -245.33546978739778, 0.217, NS
12, 4, 891.8300634, -18.280079839672855, 0.837, NS
20, 5, 886.9731831, -70.41257676853627, 0.609, NS
33, 27, 1253.525828, 884.2704443802003, 0.005, HH
35, 14, 1284.082656, 531.5358538834903, 0.051, NS
26, 6, 835.7904523, 24.037081451468154, 0.829, NS
25, 35, 865.6436035, -14.409122317732473, 0.865, NS
5, 24, 1576.945943, 1207.649537713278, 0.012, HH
11, 25, 653.0244881, -434.5543880179452, 0.097, NS
15, 37, 755.1942919, 76.59916088557247, 0.521, NS
3, 5, 942.2013048, 77.74409934229939, 0.633, NS
22, 2, 788.4819547, -146.34506048796408, 0.36, NS
26, 7, 894.6922395, -26.124183632232846, 0.791, NS
11, 35, 1248.279327, 523.3772323230296, 0.052, NS
31, 1, 1331.716601, 714.4707173617825, 0.013, HH
15, 22, 1307.754232, -37.52275108145363, 0.679, NS
13, 34, 788.6034198, -398.1844681002527, 0.106, NS
22, 37, 910.4445742, 3.1408865726334874, 0.95, NS
32, 3, 1006.361749, -12.760472890484083, 0.87, NS
20, 19, 980.4005042, 117.65577297077247, 0.475, NS
4, 23, 1070.157295, 142.55883781739536, 0.467, NS
24, 21, 1211.009918, 457.33438946091997, 0.061, NS
36, 25, 883.5292024, -73.4227328552353, 0.62, NS
6, 32, 1208.816396, 537.1992394349444, 0.028, HH
20, 23, 843.0268603, -95.04940505951083, 0.564, NS
20, 31, 1094.565482, 385.21400670898095, 0.095, NS
9, 32, 1018.8489, 230.3305040934228, 0.208, NS
35, 11, 1171.134799, 422.6435618270781, 0.098, NS
1, 22, 805.3800579, 20.0883443404578, 0.806, NS
35, 34, 1411.514397, 1059.2495704101104, 0.011, HH
31, 24, 532.0357575, -1105.7162835318745, 0.007, LH
10, 12, 852.7396956, 40.06702947561308, 0.659, NS
16, 6, 1333.136556, 1090.6622979309027, 0.002, HH
31, 16, 865.8002025, -81.15193756052227, 0.564, NS
37, 7, 602.0383188, -760.7198352155538, 0.015, LH
34, 23, 665.9829251, -574.834006304322, 0.059, NS
34, 11, 1075.417325, 42.70984905031414, 0.662, NS
20, 4, 665.4190798, -555.4578386824189, 0.087, NS
13, 11, 985.0334521, -72.69076870419553, 0.496, NS
24, 11, 1096.31821, 387.23266298263326, 0.07, NS
17, 11, 942.344433, -35.94982785411778, 0.675, NS
19, 6, 1011.985107, 218.57339005388965, 0.248, NS
16, 13, 1211.567784, 369.8428611680572, 0.103, NS
11, 12, 1365.736667, 347.3398919480575, 0.085, NS
17, 34, 1219.774678, 669.8862740808448, 0.022, HH
25, 5, 766.1482385, -71.11892049526624, 0.622, NS
9, 3, 1255.451559, 470.41156608245467, 0.065, NS
21, 37, 1103.096828, -416.4692802047118, 0.091, NS
17, 22, 1344.211093, -350.56327003609033, 0.082, NS
31, 36, 1083.266358, 208.91315569790186, 0.34, NS
5, 13, 800.4836806, -193.10174112532812, 0.315, NS
20, 27, 1223.767211, -397.56367446303847, 0.095, NS
34, 12, 945.6470039, -5.44442508943866, 0.932, NS
17, 19, 1293.478837, 473.76568182425143, 0.063, NS
37, 24, 737.245036, -312.54523143219205, 0.267, NS
25, 36, 1088.532591, 167.2634231122589, 0.416, NS
21, 19, 986.8174413, 47.973804755132505, 0.68, NS
18, 33, 965.1203603, 56.804144728224486, 0.624, NS
32, 33, 1121.191855, 226.3390213702196, 0.261, NS
1, 27, 1290.157704, -283.6909189487789, 0.163, NS
6, 29, 651.6233604, -53.80894393600544, 0.577, NS
6, 17, 995.4578596, 39.108795324946314, 0.665, NS
5, 33, 659.1187833, -666.9931310937452, 0.062, NS
24, 31, 1330.913401, 585.1978386767902, 0.014, HH
35, 6, 1287.579417, 1136.6852950601524, 0.01, HH
12, 6, 1035.129022, 368.30921608975575, 0.111, NS
16, 30, 968.5380792, 51.4952981162849, 0.72, NS
27, 26, 884.4016079, -28.06621407358072, 0.757, NS
33, 2, 984.7631025, 85.60591179331566, 0.492, NS
16, 35, 1020.823532, 309.06237553791766, 0.208, NS
5, 7, 1130.884169, 136.10453040711826, 0.405, NS
15, 10, 1346.52832, -542.3869920511435, 0.032, HH
5, 27, 853.5218848, -75.63586309892433, 0.538, NS
25, 16, 1008.67703, 200.62158767688928, 0.262, NS
2, 30, 1408.70291, 499.19547647039656, 0.165, NS
2, 8, 776.1468797, -223.6429042243688, 0.332, NS
28, 22, 895.5566925, -8.435502672578282, 0.909, NS
6, 12, 622.8337896, -335.0244735934295, 0.1, NS
12, 16, 1177.023484, 362.81804005656545, 0.082, NS
6, 8, 753.0482085, 61.16858645174539, 0.602, NS
15, 12, 957.7454766, 26.61043012413911, 0.762, NS
36, 9, 884.2078773, 3.585077179079088, 0.941, NS
26, 1, 746.8541152, 293.7168447778754, 0.149, NS
22, 31, 829.5404016, -98.99331784234917, 0.484, NS
26, 19, 1125.95781, 562.2711347130471, 0.072, NS
25, 37, 1020.063603, 227.2317680626469, 0.237, NS
33, 35, 927.6608053, 28.234377464910374, 0.816, NS
19, 28, 803.3038381, -166.79697342372455, 0.287, NS
18, 4, 822.7742812, -208.83466688539264, 0.288, NS
10, 28, 1290.628601, 220.3575391954021, 0.197, NS
10, 16, 1152.329131, 5.935412637703878, 0.92, NS
8, 28, 1420.458058, 263.04788020466015, 0.254, NS
18, 36, 721.6195212, -260.8451600351913, 0.221, NS
31, 28, 861.6771607, -112.77356700776602, 0.437, NS
36, 26, 1050.888478, 392.4587224079353, 0.115, NS
26, 31, 1250.45034, 829.8583794367657, 0.006, HH
35, 31, 1049.695794, 345.22437398637805, 0.14, NS
22, 32, 1021.881119, 166.715502746734, 0.331, NS
25, 4, 713.2715515, -125.82467417162134, 0.453, NS
14, 5, 1271.180864, 779.2060729851949, 0.022, HH
11, 7, 975.3216754, 104.47443680801891, 0.401, NS
32, 16, 991.2509142, 68.66768819780076, 0.537, NS
33, 3, 960.4283191, 58.11545626610533, 0.65, NS
24, 10, 865.1339766, -60.36438708937563, 0.543, NS
23, 10, 1478.875039, 890.7988208763082, 0.004, HH
10, 25, 847.9444624, -53.15677212151089, 0.67, NS
17, 28, 819.4563691, 18.820189218547384, 0.795, NS
16, 3, 1080.773654, 144.79525536990988, 0.429, NS
5, 1, 1116.519905, 352.2398134205066, 0.139, NS
24, 6, 844.6288591, -72.01687452173105, 0.582, NS
29, 7, 969.7063977, 165.27581328838082, 0.306, NS
24, 19, 1187.197653, 424.9515298345121, 0.082, NS
12, 1, 981.1563043, 119.37125868424695, 0.359, NS
31, 35, 713.3379027, -97.8152328799664, 0.519, NS
32, 11, 922.4138443, 2.2482201174476866, 0.962, NS
34, 5, 1293.331817, 663.9370732904715, 0.038, HH
12, 18, 705.1856462, -433.04578629228484, 0.043, LH
28, 6, 973.5911099, -127.65821346544755, 0.419, NS
29, 31, 1059.074609, 445.9722316071934, 0.069, NS
24, 36, 1228.512223, 492.9295764949196, 0.086, NS
13, 33, 590.0058947, -472.8744939215924, 0.066, NS
1, 7, 784.3352671, -203.41822980238913, 0.269, NS
6, 19, 1184.888901, 811.8740473740423, 0.01, HH
20, 16, 1055.659502, 31.69492548880641, 0.734, NS
27, 15, 1146.704608, 49.31393530623105, 0.654, NS
28, 5, 1190.722606, 715.4990612659581, 0.026, HH
17, 23, 801.1295026, -208.94990323646235, 0.271, NS
24, 14, 475.6401515, -891.7256728888815, 0.0, LH
2, 15, 866.1996294, -64.91721182532596, 0.635, NS
36, 29, 1417.150822, -130.37059182529242, 0.338, NS
26, 30, 1022.979391, -226.98557122215618, 0.348, NS
14, 27, 853.7235285, 80.11724220580246, 0.475, NS
15, 33, 1046.313091, 179.00193153616596, 0.32, NS
31, 29, 1148.151795, 728.1501292977656, 0.013, HH
12, 32, 1411.14461, 758.0121914500331, 0.007, HH
36, 4, 970.1054005, 146.88950494199042, 0.379, NS
24, 20, 1455.928328, 504.51625869313796, 0.056, NS
12, 30, 1019.892036, 283.90069857533274, 0.215, NS
14, 7, 951.3671979, 109.96379581441238, 0.4, NS
5, 16, 1543.733416, 1452.8814618083918, 0.0, HH
22, 12, 941.5124013, 44.90542945269159, 0.659, NS
24, 37, 727.8223308, -415.2624431269943, 0.058, NS
36, 14, 1122.459488, -272.4182902405191, 0.135, NS
22, 1, 1252.572291, 378.3266842405853, 0.109, NS
11, 23, 868.6160893, -93.08034417475874, 0.526, NS
5, 35, 1067.824501, 222.17622743244897, 0.333, NS
17, 25, 708.0954356, -256.78163633117055, 0.224, NS
37, 20, 1017.16258, 122.72075640542822, 0.517, NS
26, 36, 1348.335197, 822.0364544502994, 0.045, HH
36, 30, 660.8051317, 524.0107150120778, 0.067, NS
12, 17, 583.215246, -724.3331215604089, 0.002, LH
2, 17, 933.1130302, 34.89868033643507, 0.738, NS
14, 34, 989.2210653, 254.82772702653597, 0.198, NS
22, 24, 1081.164663, 216.93326514358571, 0.368, NS
13, 6, 1094.801606, -501.8484273903428, 0.043, HH
37, 16, 865.3348625, -30.044324054836018, 0.735, NS
31, 27, 1059.899169, 245.00451130646033, 0.218, NS
33, 26, 1129.724951, 402.7842029091396, 0.125, NS
26, 23, 907.9032659, 0.42060343022794555, 0.995, NS
16, 1, 621.446844, -428.02425324595976, 0.078, NS
16, 26, 776.488547, -218.8961508757967, 0.272, NS
21, 15, 683.5251254, 540.252554793566, 0.059, NS
6, 36, 838.960244, -131.6388910546307, 0.435, NS
11, 2, 785.4196938, -24.115869821871446, 0.748, NS
25, 25, 1243.727076, 416.2832919520787, 0.141, NS
6, 9, 1012.930139, 0.22481084895769285, 0.995, NS
5, 12, 1136.553174, 484.09119441460393, 0.097, NS
19, 15, 950.6736185, 2.638308107717517, 0.965, NS
2, 12, 747.7370135, -367.0502219106223, 0.149, NS
24, 24, 1100.17415, 456.4735150591613, 0.079, NS
18, 5, 741.444239, -519.1057168700057, 0.084, NS
29, 5, 1054.2117, 296.1041987596204, 0.248, NS
27, 6, 888.4096741, -17.728655123752766, 0.839, NS
10, 7, 1108.570962, 463.4392268571325, 0.041, HH
7, 34, 1205.439315, 719.3378260166743, 0.006, HH
24, 27, 956.8630618, 38.530380897611934, 0.659, NS
35, 20, 1122.367754, 354.15822581668107, 0.186, NS
12, 15, 1050.401379, 486.639430043847, 0.069, NS
33, 36, 873.1736136, -78.33443589504824, 0.613, NS
4, 19, 840.7296579, -151.71667083616143, 0.415, NS
31, 4, 1289.620685, 667.7106792321119, 0.039, HH
11, 8, 654.7960439, -25.462404465019816, 0.778, NS
3, 23, 933.7687631, 61.47116967473805, 0.657, NS
25, 7, 1051.723826, 40.66611411723205, 0.691, NS
14, 22, 1226.785066, -212.43897174521223, 0.204, NS
1, 33, 846.6901795, -84.2725202339112, 0.558, NS
14, 3, 913.6727064, -7.795482069580062, 0.896, NS
8, 7, 907.6140564, -0.3108948657436318, 0.997, NS
32, 12, 834.2233732, 25.829818776567055, 0.763, NS
22, 26, 1040.069907, 242.3843800730601, 0.264, NS
29, 22, 994.0194492, 17.73598170104698, 0.813, NS
31, 18, 859.8888186, -74.38391939537232, 0.557, NS
10, 5, 1003.792383, 241.02070877438632, 0.242, NS
33, 9, 1244.580007, 834.5827894608179, 0.009, HH
23, 36, 554.1437691, -743.3749173633323, 0.036, LH
23, 5, 940.8325074, 28.519821108622626, 0.819, NS
31, 30, 623.594171, -711.7646052557303, 0.049, LH
32, 28, 1014.433035, 160.920815992148, 0.297, NS
4, 7, 1377.25013, 813.9216335664926, 0.017, HH
11, 10, 1206.71276, -436.2322291530959, 0.062, NS
37, 11, 933.6241077, 37.159404294607604, 0.734, NS
1, 36, 956.7199728, 81.91000254810409, 0.579, NS
23, 9, 1034.821065, 215.35668151123886, 0.268, NS
17, 5, 1523.835263, 505.0896273001423, 0.064, NS
7, 35, 755.9253483, -375.44391224856054, 0.104, NS
31, 12, 897.6887197, -27.384656497908683, 0.787, NS
22, 23, 1175.989944, 312.4673367583221, 0.228, NS
21, 16, 1120.914588, -33.37165684908733, 0.748, NS
10, 32, 738.3093221, -347.856997536394, 0.088, NS
18, 3, 1357.662144, -664.9951226029142, 0.025, HH
7, 28, 1169.55773, 320.6925011929929, 0.094, NS
4, 16, 1279.499392, 207.0004881418537, 0.307, NS
28, 7, 1231.484159, 833.3664070169306, 0.003, HH
18, 7, 702.8732739, -593.781799206039, 0.021, LH
3, 19, 897.0586363, -23.859112010275762, 0.853, NS
10, 33, 880.4192585, -27.69538842142929, 0.757, NS
27, 24, 1343.289629, 407.6067489434736, 0.121, NS
9, 16, 808.5077734, -181.05107514496487, 0.26, NS
24, 13, 1067.676313, 428.4573559716481, 0.041, HH
36, 24, 815.4448194, 94.316103885257, 0.536, NS
18, 31, 1046.096778, 338.52354774348663, 0.093, NS
26, 28, 620.8423988, -384.76705364982917, 0.127, NS
18, 26, 1020.930385, 170.78827813589535, 0.337, NS
2, 10, 1169.973059, 311.29563458236385, 0.175, NS
31, 15, 1048.033511, 315.96529153919244, 0.176, NS
15, 26, 938.4486778, 69.72457370517904, 0.567, NS
9, 9, 1089.1411, 419.92859803663134, 0.065, NS
21, 23, 842.7595541, -105.47054315418647, 0.541, NS
33, 24, 1057.166211, 139.7053697236306, 0.476, NS
11, 26, 1009.066791, 126.46232241541487, 0.421, NS
10, 26, 1085.962378, 208.45367798958702, 0.27, NS
2, 35, 891.7323528, -14.790489185936497, 0.869, NS
30, 12, 1125.490892, -142.8358181987448, 0.327, NS
31, 37, 1510.967852, 1497.7268819174287, 0.0, HH
31, 3, 986.194923, 81.99789887396967, 0.603, NS
11, 16, 938.4588756, 58.453075933923685, 0.558, NS
26, 24, 869.4771456, 43.95471141258994, 0.756, NS
21, 24, 1015.489379, -247.35518465671436, 0.283, NS
11, 33, 765.4437874, -340.2090859199302, 0.123, NS
22, 18, 915.9637292, 11.025414659739992, 0.872, NS
14, 36, 485.4013568, -856.9671785766415, 0.01, LH
12, 28, 861.6627115, -74.91115998415763, 0.493, NS
36, 13, 1018.824446, -74.70840429981496, 0.509, NS
1, 3, 1351.720023, -590.1823342530655, 0.063, NS
26, 8, 1055.595516, -224.09646136336545, 0.268, NS
24, 26, 966.0893066, 18.897512528187782, 0.821, NS
11, 20, 1164.14677, -240.28863359677277, 0.222, NS
16, 28, 513.9492108, -350.59394802512975, 0.118, NS
15, 1, 1381.643256, -815.7382136017793, 0.0, HH
23, 11, 862.2694011, -73.04383422582299, 0.573, NS
9, 29, 1344.051506, 1107.5150273153972, 0.0, HH
22, 34, 768.8547334, -150.02349163250426, 0.422, NS
24, 25, 1177.930042, 63.56761425005478, 0.663, NS
22, 29, 1019.674465, 88.44716403788415, 0.501, NS
30, 35, 1272.660603, 896.7837655780309, 0.009, HH
6, 11, 1077.115685, 44.71741317908478, 0.65, NS
35, 3, 756.3992678, -145.31534370190445, 0.459, NS
19, 24, 1005.886942, 17.49655739742459, 0.859, NS
2, 9, 932.0414292, 44.30623559876927, 0.723, NS
8, 31, 1139.001335, 636.8858344928037, 0.045, HH
19, 35, 953.8343434, 130.96711912798963, 0.416, NS
27, 36, 975.2251688, 156.69766642012777, 0.381, NS
13, 16, 879.6912512, -15.110174410772446, 0.832, NS
30, 31, 1131.197717, 535.1315512554758, 0.022, HH
22, 16, 990.5587537, 73.75974402359155, 0.578, NS
35, 12, 1034.95463, 361.9160641906686, 0.157, NS
35, 36, 1281.167101, 1045.3713551037893, 0.011, HH
16, 18, 625.1023457, -504.0377504724478, 0.053, NS
37, 35, 989.1532185, 121.26610221326936, 0.507, NS
29, 23, 994.6439981, 194.68267189851454, 0.369, NS
5, 32, 1093.304246, 331.72275551490276, 0.157, NS
24, 3, 866.9245221, -71.0420892464694, 0.556, NS
24, 16, 994.1471477, 147.24993790932913, 0.305, NS
6, 3, 1183.857333, 93.77410082735433, 0.486, NS
9, 6, 951.1784214, 105.37441093516995, 0.46, NS
19, 26, 1027.570904, 285.776359516318, 0.169, NS
6, 35, 1239.646459, 434.48701813538844, 0.073, NS
5, 2, 635.8699847, -621.1510209279444, 0.036, LH
16, 19, 812.3597773, -76.66540969806131, 0.597, NS
2, 21, 923.5950864, 19.76207381620756, 0.851, NS
27, 19, 1069.50332, 361.2282996420904, 0.117, NS
3, 16, 1397.944097, 239.07643399254823, 0.226, NS
19, 12, 796.586549, -101.38758978823624, 0.407, NS
6, 33, 890.9385065, -45.27493093720883, 0.647, NS
17, 33, 1237.986098, 272.5618735187681, 0.183, NS
6, 24, 1207.008183, -235.02310479541123, 0.233, NS
6, 10, 1151.611507, -168.67253061777802, 0.267, NS
21, 14, 934.6798543, -54.67302746027259, 0.654, NS
37, 37, 1183.825412, 335.9284047992479, 0.155, NS
22, 5, 1166.696923, 256.3696299612746, 0.292, NS
35, 25, 1443.444817, 1187.9718699481718, 0.009, HH
6, 31, 1011.233111, 163.87274916377996, 0.272, NS
11, 29, 974.8036977, 26.315030134216954, 0.732, NS
5, 23, 1044.53925, 367.0621625549698, 0.202, NS
12, 3, 715.8765495, -261.38330956596405, 0.205, NS
23, 12, 693.8312108, -359.6821911777917, 0.111, NS
27, 1, 971.8689461, 12.9102363104022, 0.855, NS
7, 12, 973.3221456, -11.289854225718774, 0.873, NS
32, 27, 1102.07291, 25.851913145865108, 0.752, NS
7, 33, 1198.327285, 570.3625167943071, 0.039, HH
24, 23, 824.7104772, -141.4376189681753, 0.388, NS
2, 1, 757.0556164, -307.47358589052266, 0.202, NS
37, 1, 888.7825895, -29.294408689462934, 0.759, NS
37, 29, 966.6195793, 70.43725116905543, 0.624, NS
28, 12, 848.5609973, -32.29871507011817, 0.722, NS
11, 37, 670.2099077, 144.69843956556312, 0.324, NS
5, 6, 1332.904753, 749.4325355493613, 0.045, HH
10, 6, 656.0338565, 630.0836333879248, 0.032, LL
27, 20, 903.9946867, -2.745518513411875, 0.956, NS
25, 11, 977.4594535, 42.68201901425566, 0.655, NS
29, 16, 1259.995778, 335.53306633410284, 0.132, NS
25, 34, 1041.728608, 88.21549088423339, 0.567, NS
15, 2, 1091.532207, -41.469742073222136, 0.655, NS
23, 15, 1033.788649, 270.8592901954102, 0.23, NS
24, 34, 911.2435303, 4.995699808125928, 0.93, NS
19, 22, 835.8743667, -40.275463295008684, 0.649, NS
9, 31, 464.1427074, -1091.4694810177286, 0.0, LH
12, 12, 1112.615732, 364.9086157537741, 0.083, NS
26, 2, 869.7203286, 28.68744086021961, 0.777, NS
22, 33, 965.5057759, 61.64248673373638, 0.604, NS
36, 7, 750.8568431, -351.5859204573808, 0.082, NS
16, 14, 942.6201342, 36.565944722842005, 0.702, NS
35, 27, 735.4349999, -463.4554707882198, 0.097, NS
24, 30, 959.8404738, 73.25974529243635, 0.595, NS
36, 34, 1101.170388, 324.4299898968606, 0.152, NS
12, 34, 1031.844229, 184.92466062227552, 0.292, NS
35, 26, 888.9927609, -26.27330017079645, 0.845, NS
30, 6, 902.7511958, 12.269140523489481, 0.887, NS
24, 1, 1004.933847, 169.28267917468878, 0.273, NS
27, 14, 995.7063635, 57.26915695886264, 0.591, NS
16, 29, 1048.633289, 143.90687576106043, 0.363, NS
35, 19, 678.5276121, -338.2182095822888, 0.21, NS
34, 36, 997.8893692, 162.09940578845232, 0.386, NS
37, 6, 1302.280594, 665.0268648589839, 0.047, HH
23, 17, 917.0637854, 15.277775530223296, 0.86, NS
7, 26, 1074.133667, 239.270235555549, 0.225, NS
6, 18, 1568.861839, -689.7074497322724, 0.005, HH
31, 2, 995.0834107, 109.87919114097627, 0.451, NS
4, 25, 990.7654773, 156.41946168093853, 0.455, NS
18, 6, 1013.439299, -134.92975633260772, 0.366, NS
15, 27, 1017.462077, 159.15374244084344, 0.261, NS
13, 27, 812.9089576, 116.51748678453515, 0.383, NS
17, 12, 666.4617794, 56.775718625545565, 0.578, NS
1, 35, 944.3142311, 93.13772157702367, 0.543, NS
25, 29, 1125.68421, 288.3290734211529, 0.178, NS
24, 18, 1313.375035, 572.8620306634463, 0.017, HH
23, 27, 781.6742121, -103.3250692700689, 0.487, NS
20, 7, 1028.211505, 304.87173412781976, 0.151, NS
23, 21, 1072.18469, 184.89785968611127, 0.339, NS
21, 27, 1005.730212, 112.61166288802892, 0.445, NS
13, 25, 759.9522248, -210.07689000852204, 0.272, NS
17, 4, 960.9337968, 64.02707429890589, 0.62, NS
11, 19, 758.8149992, -370.73714974328203, 0.112, NS
9, 5, 1193.357266, 775.3937181798195, 0.017, HH
9, 14, 1262.732755, 575.7126501685206, 0.026, HH
14, 35, 1353.643087, 1163.0544241507641, 0.0, HH
24, 9, 1077.226365, 296.2051622272475, 0.132, NS
7, 25, 898.28693, -10.987059577947463, 0.877, NS
4, 11, 801.9361315, 117.83672953226352, 0.486, NS
14, 23, 1246.250101, 824.6629651909528, 0.016, HH
28, 25, 975.6796961, 51.735093440925404, 0.674, NS
29, 3, 760.8900943, 186.4491015601955, 0.356, NS
25, 22, 1073.484813, 329.94213751523023, 0.128, NS
6, 1, 1136.969045, -183.1253443525862, 0.226, NS
15, 32, 582.763194, -636.8993300290794, 0.017, LH
31, 11, 1091.099043, 490.663681534656, 0.07, NS
2, 25, 873.3702286, 1.02472680950604, 0.99, NS
24, 12, 1476.637257, 955.269329317132, 0.0, HH
19, 25, 1300.447529, 1052.1823075301984, 0.005, HH
37, 34, 920.1408242, 31.234088068462963, 0.797, NS
16, 7, 1006.407237, 121.49329885378157, 0.415, NS
11, 32, 1029.390016, 264.3441623095567, 0.136, NS
21, 34, 1167.20101, 404.5694025215266, 0.133, NS
34, 33, 996.43075, 76.29518289188688, 0.507, NS
15, 8, 657.155915, -53.17462759590424, 0.642, NS
18, 22, 972.2265315, -20.191537203508375, 0.805, NS
24, 22, 655.8536103, -349.85238553006525, 0.083, NS
1, 4, 1195.402226, 239.83448119823703, 0.266, NS
36, 33, 1052.457545, 93.05642637291102, 0.471, NS
30, 25, 963.4892609, 48.74935057559364, 0.704, NS
23, 19, 851.723944, -158.05099079580071, 0.378, NS
19, 13, 856.3271438, -18.260530539745467, 0.808, NS
37, 13, 976.4256847, 82.26920835655946, 0.56, NS
5, 29, 914.1590822, 6.598640694358715, 0.931, NS
29, 32, 1035.377495, 349.5695903753399, 0.156, NS
5, 3, 893.846397, -14.62140017659658, 0.868, NS
8, 19, 995.3232639, 238.85841095596197, 0.3, NS
33, 28, 981.6440246, 146.9760953099072, 0.36, NS
26, 20, 1089.961494, -211.7465463540046, 0.284, NS
19, 36, 681.0598579, -766.4582108472582, 0.021, LH
19, 5, 692.142248, -562.9795109550602, 0.065, NS
19, 14, 936.5660301, -1.1561292900515552, 0.976, NS
9, 28, 1014.997269, 233.40993668889058, 0.194, NS
29, 11, 1199.432555, 43.31500053379857, 0.693, NS
8, 23, 1042.084552, 343.59742640661193, 0.218, NS
37, 36, 688.763089, -294.42680598744374, 0.283, NS
25, 30, 1072.909544, 430.02449489652315, 0.148, NS
11, 13, 1176.6213, 57.25235407271735, 0.562, NS
33, 30, 1013.220009, 203.74266387896705, 0.326, NS
10, 34, 1067.819795, 480.12459989989634, 0.062, NS
21, 33, 660.6336724, -192.5153564931657, 0.337, NS
13, 31, 882.7388409, -68.89986733191927, 0.553, NS
32, 25, 797.1370037, -226.5272595379803, 0.275, NS
9, 27, 1149.903432, 530.1150179108478, 0.026, HH
37, 33, 749.621861, -153.3425483125239, 0.422, NS
36, 16, 1086.701306, 112.81915729036965, 0.386, NS
29, 12, 1068.263626, 108.26993095254649, 0.471, NS
5, 9, 1139.829778, 453.95739174222365, 0.095, NS
35, 23, 863.6737025, 14.7282920976396, 0.891, NS
36, 2, 1042.535617, -53.078103296036986, 0.576, NS
12, 31, 858.823595, -94.56954668600457, 0.449, NS
5, 28, 755.7149065, -260.34474804096544, 0.231, NS
11, 11, 884.7839425, -35.92229964840349, 0.674, NS
14, 31, 1252.785132, 827.7570742098119, 0.001, HH
16, 10, 845.0695451, -72.64749658485223, 0.564, NS
32, 7, 1202.300616, 795.368205194508, 0.005, HH
7, 23, 1272.997686, 837.1194774227982, 0.02, HH
14, 19, 832.6538671, -123.43178097966589, 0.411, NS
19, 33, 1163.946907, 423.9734951062661, 0.082, NS
12, 26, 998.8726221, 165.4705963412769, 0.322, NS
21, 2, 697.9267437, 324.21073727962266, 0.131, NS
36, 1, 897.715202, 12.970949371097134, 0.861, NS
26, 37, 1357.431284, -1130.1319989613432, 0.001, HH
9, 35, 750.3832995, -298.91679374978025, 0.168, NS
34, 25, 1185.10638, 543.8111861837988, 0.064, NS
31, 20, 961.6003168, 65.89230159569675, 0.637, NS
21, 3, 674.1320623, 123.2171367277681, 0.467, NS
2, 31, 930.0056773, 35.618108231469975, 0.712, NS
4, 34, 898.3822962, -32.04059289264308, 0.812, NS
23, 2, 606.3544819, -504.93946494033514, 0.051, NS
10, 11, 1120.444636, -155.41565896341882, 0.279, NS
27, 3, 723.9157864, -252.15494848386064, 0.206, NS
35, 18, 1202.971011, 359.40107023755564, 0.124, NS
12, 14, 1123.003039, 426.1715226930535, 0.057, NS
31, 7, 921.6501388, 25.74327181269783, 0.783, NS
11, 31, 961.9291109, 112.69848236360549, 0.384, NS
22, 22, 1306.507667, 381.86961236998656, 0.111, NS
12, 2, 1098.876803, 195.61114254700723, 0.234, NS
6, 7, 1106.127833, 225.1789673485038, 0.18, NS
12, 33, 1112.44808, 305.13869348805235, 0.141, NS
22, 3, 1143.846831, 335.6307234504833, 0.185, NS
33, 7, 1104.790396, 376.42934244594534, 0.12, NS
31, 26, 708.6625096, -383.7302799146679, 0.139, NS
3, 11, 860.3734097, 74.52019714506363, 0.562, NS
15, 20, 1000.587222, -110.10986554015473, 0.455, NS
18, 27, 966.3680117, -4.442490856579692, 0.951, NS
34, 31, 1138.838105, 490.84070389066943, 0.035, HH
11, 3, 1299.061288, 383.92419977857287, 0.096, NS
23, 6, 784.6036588, -188.55964095361287, 0.361, NS
4, 4, 1467.865593, 915.8158558153413, 0.019, HH
5, 34, 737.2775519, -265.1852237843602, 0.265, NS
12, 13, 1192.935102, 540.3807366076863, 0.022, HH
16, 24, 1221.364591, 308.4775035168434, 0.248, NS
27, 5, 849.833452, -92.11369848947768, 0.537, NS
5, 37, 852.5012848, -89.28475379849768, 0.526, NS
11, 28, 578.8951562, -621.8596558634806, 0.006, LH
16, 20, 1094.325604, 304.58089612900096, 0.217, NS
25, 32, 684.3251947, -235.86728518597567, 0.222, NS
19, 10, 1151.635375, -101.12851025671628, 0.435, NS
17, 31, 1240.216283, 692.9526153317908, 0.009, HH
21, 10, 733.4768406, 495.6180428974593, 0.051, NS
13, 32, 762.7905871, -365.9120623384741, 0.085, NS
26, 35, 1066.858588, 355.54430295579175, 0.169, NS
2, 6, 995.102621, 92.12499678138687, 0.588, NS
33, 32, 1148.647899, 382.5438305907369, 0.116, NS
22, 19, 733.5189565, -110.10700170009824, 0.464, NS
21, 13, 949.3383882, -53.146789869427664, 0.627, NS
26, 14, 711.7793165, 251.80082790743484, 0.2, NS
6, 14, 1044.245293, -73.7545652789809, 0.476, NS
25, 27, 1474.530022, 518.5594862926395, 0.052, NS
22, 15, 848.6850701, -75.44440953109358, 0.579, NS
19, 18, 993.6711681, 41.13690444585633, 0.687, NS
35, 4, 778.3262804, -145.8685043321776, 0.446, NS
17, 16, 1145.504691, 54.8876428053119, 0.592, NS
21, 31, 1118.032231, 275.24759928712405, 0.18, NS
6, 27, 1289.779878, 232.78765153939162, 0.176, NS
19, 1, 970.0707294, -6.2424697087760945, 0.894, NS
18, 25, 618.1550712, -605.1098125968181, 0.046, LH
26, 13, 976.7232099, -67.56993840469929, 0.587, NS
31, 9, 1057.835054, 327.99771197232144, 0.156, NS
2, 18, 1200.562959, 317.31961086342255, 0.175, NS
15, 17, 909.1907305, 0.16550219255507997, 0.992, NS
27, 25, 973.927395, 100.16032062401058, 0.521, NS
15, 4, 1174.106919, 491.96169264930353, 0.057, NS
9, 8, 1091.702485, 415.651733286158, 0.083, NS
9, 11, 1499.977411, 1386.4805187477004, 0.0, HH
15, 5, 861.1727346, -124.89349496125013, 0.466, NS
23, 22, 1159.397154, 358.8344599559759, 0.118, NS
31, 13, 1415.149324, 1557.9309740389626, 0.0, HH
29, 26, 980.1315593, 54.13433555668481, 0.672, NS
36, 36, 1293.060564, 345.18360971942565, 0.151, NS
37, 23, 1083.210391, 346.6747697083252, 0.195, NS
7, 36, 1167.727307, 664.6404762061269, 0.035, HH
2, 13, 1123.128046, 544.3536907943171, 0.055, NS
19, 7, 607.5896472, -557.9195599149216, 0.018, LH
25, 21, 993.839688, 181.96650122993952, 0.333, NS
35, 33, 1260.455619, 880.5538419690025, 0.015, HH
17, 35, 1348.959892, 773.6957330380764, 0.013, HH
22, 21, 919.251213, 19.241309402138526, 0.824, NS
9, 2, 1023.08236, 183.1141634722409, 0.249, NS
9, 20, 1176.613133, 256.3044048453897, 0.212, NS
2, 5, 1355.461809, 1114.2081189687287, 0.015, HH
30, 27, 1224.980871, -443.7566256743487, 0.043, HH
35, 37, 679.6965274, -774.2911895295889, 0.01, LH
32, 26, 912.91439, 12.039868821704877, 0.868, NS
26, 25, 716.923532, -208.1956457668972, 0.335, NS
3, 36, 816.6441756, -267.34662017687776, 0.277, NS
5, 4, 1110.675152, 136.07148450623356, 0.458, NS
6, 4, 873.4019401, -43.925175633670875, 0.668, NS
3, 25, 1217.897178, 321.02112049204953, 0.231, NS
32, 23, 969.8281394, 166.4495689724271, 0.39, NS
36, 35, 1182.827036, 436.9643732981204, 0.076, NS
5, 19, 1302.199207, 843.2369786746748, 0.03, HH
17, 6, 763.8775994, 357.3042402185192, 0.106, NS
4, 35, 1097.643691, 449.33825438110017, 0.127, NS
19, 31, 1038.976115, 235.7556552178534, 0.162, NS
12, 24, 774.9586674, -232.69906089520433, 0.255, NS
14, 12, 1155.405455, -245.93459930008027, 0.155, NS
2, 11, 885.9097042, -46.014624819176866, 0.701, NS
37, 19, 1195.666336, 316.78839766497543, 0.201, NS
9, 30, 1512.296479, 681.8241671519429, 0.031, HH
37, 12, 1000.150379, 73.1774121281717, 0.582, NS
20, 33, 677.0952982, -412.4780846851841, 0.141, NS
35, 13, 1106.282262, 382.5702536558077, 0.121, NS
2, 29, 976.6493547, 139.159177066213, 0.424, NS
2, 14, 892.7961827, -39.30004201501023, 0.732, NS
7, 19, 1148.535884, 570.6440264710203, 0.036, HH
16, 27, 801.7657276, -234.36176615664624, 0.236, NS
29, 34, 1169.926275, 795.730127668654, 0.019, HH
37, 4, 833.5495067, -239.7745958856621, 0.322, NS
19, 16, 603.5234748, -377.85880061109907, 0.064, NS
8, 6, 1258.031236, -835.5311900979746, 0.026, HH
4, 31, 981.941317, 176.8774357146701, 0.326, NS
3, 3, 889.9081533, 26.64495424209263, 0.794, NS
5, 17, 1150.217534, 455.9024820635628, 0.107, NS
11, 9, 872.8851466, -0.1781772432520664, 0.996, NS
11, 22, 1255.503751, 388.77400001568685, 0.08, NS
28, 19, 1127.918392, 627.458046214053, 0.017, HH
23, 24, 613.2455036, -894.8172074862, 0.025, LH
16, 25, 1097.996395, 556.1136701610593, 0.088, NS
9, 25, 858.0119105, -109.30176581580771, 0.469, NS
22, 30, 695.05402, -221.4838849770769, 0.331, NS
1, 5, 951.7551112, 25.707040647427963, 0.816, NS
33, 12, 999.5437132, 222.43704071449145, 0.256, NS
19, 27, 1234.485066, 686.5414935793168, 0.008, HH
6, 30, 850.661243, 38.72228411193994, 0.735, NS
19, 9, 418.4361558, -570.5737932057417, 0.019, LH
37, 2, 1085.203323, 211.72031628489643, 0.296, NS
15, 15, 983.8068332, -12.847982133974748, 0.871, NS
33, 13, 1525.847432, 1800.490687552807, 0.0, HH
18, 34, 1103.880802, 664.0160398063631, 0.024, HH
8, 11, 1122.975285, -130.77601057011913, 0.43, NS
21, 20, 1045.31159, -345.152631922956, 0.158, NS
28, 28, 1001.471984, 116.40704176506877, 0.395, NS
25, 2, 748.5081409, -387.2886317315484, 0.099, NS
21, 9, 999.2174973, -24.71215340766596, 0.791, NS
19, 23, 779.3042319, -164.27851459537465, 0.361, NS
33, 22, 887.1318584, -15.063639270132573, 0.836, NS
13, 22, 989.7010003, -13.123255819284193, 0.856, NS
19, 29, 864.7908745, -34.222367547666686, 0.678, NS
33, 23, 1103.044229, -57.89970910772256, 0.707, NS
25, 13, 723.9765961, -321.2901611122399, 0.147, NS
18, 11, 1116.852888, -4.411622343539969, 0.931, NS
33, 33, 862.7533626, -102.08735517375574, 0.509, NS
5, 15, 1250.750367, 790.0425544653332, 0.025, HH
3, 12, 1181.780191, -183.03455436327377, 0.301, NS
37, 26, 1149.714939, 508.47481096265125, 0.108, NS
4, 36, 822.6091626, -212.39911601822348, 0.378, NS
30, 36, 707.3887365, -440.146568728521, 0.101, NS
36, 6, 1248.400407, 221.40830245732838, 0.255, NS
2, 19, 1135.090913, 356.96894815897014, 0.177, NS
30, 3, 1021.977188, -181.39678494645008, 0.303, NS
13, 5, 677.6806435, -500.6234342088366, 0.083, NS
3, 35, 1041.174613, 393.96359606094035, 0.144, NS
5, 30, 1032.588705, 313.0318810150897, 0.254, NS
6, 25, 976.7637117, 142.63090810402505, 0.396, NS
15, 11, 708.8344815, -221.66136254147176, 0.202, NS
11, 17, 1013.912936, 80.19145407470499, 0.491, NS
24, 28, 644.7849197, -388.46912333096026, 0.063, NS
25, 12, 1237.581422, 269.3448860409227, 0.188, NS
15, 18, 1046.175817, -115.45143705107913, 0.366, NS
7, 7, 1151.408796, 462.4901542323481, 0.042, HH
28, 36, 1048.359829, 369.29189236366204, 0.145, NS
8, 27, 1051.456751, -115.8832625247186, 0.471, NS
23, 16, 905.5914894, -4.566619423547466, 0.932, NS
2, 28, 877.6025334, -40.20071758333597, 0.721, NS
29, 6, 715.9927671, 331.0627274380562, 0.188, NS
11, 15, 805.4697878, 84.40141747812318, 0.533, NS
7, 3, 1028.940417, -5.0629607327700334, 0.937, NS
15, 34, 1006.719038, 210.026916762805, 0.253, NS
32, 35, 1186.695721, 733.8306078275833, 0.008, HH
21, 30, 931.8312782, -79.45561277488264, 0.59, NS
9, 24, 956.1601198, 100.87098392040684, 0.528, NS
28, 35, 1204.920074, 807.1237259905154, 0.007, HH
19, 19, 716.350248, -188.20464400944422, 0.276, NS
32, 4, 1154.014239, 726.0822551329642, 0.012, HH
28, 34, 896.2368441, -38.369182630244474, 0.714, NS
36, 11, 957.4130815, 35.41078451611835, 0.677, NS
27, 37, 1315.931709, -39.22922216615548, 0.654, NS
24, 29, 980.5580618, 154.76661515495908, 0.29, NS
12, 7, 833.3387101, -106.3030490719887, 0.406, NS
34, 19, 963.1309535, 64.3008394414585, 0.577, NS
21, 11, 981.4489301, 43.206937145971324, 0.709, NS
8, 12, 826.0948512, -9.041272638933306, 0.911, NS
10, 23, 1012.665604, 240.29865084327872, 0.257, NS
18, 28, 1421.604893, 492.8255249222966, 0.037, HH
16, 21, 847.2674065, -65.10124246328502, 0.626, NS
36, 23, 1190.856733, 494.9786982522326, 0.087, NS
28, 16, 878.4314566, -43.556508539837246, 0.636, NS
1, 26, 1006.587493, 195.62875571346007, 0.321, NS
25, 6, 1054.372108, 257.02274931575715, 0.24, NS
35, 7, 768.9936701, -252.08834810899933, 0.234, NS
19, 2, 1000.062683, 46.424043174773615, 0.644, NS
6, 26, 1205.095412, 384.6301367850266, 0.097, NS
21, 26, 830.5355653, -120.25081364313138, 0.473, NS
16, 23, 854.6992246, 9.895451151559593, 0.907, NS
16, 22, 858.1537921, -27.816868705788092, 0.755, NS
21, 32, 629.191032, -262.65960186716393, 0.189, NS
12, 5, 1417.285689, 932.5829873650374, 0.006, HH
33, 5, 926.3019611, 58.4903225327997, 0.692, NS
6, 15, 1054.682315, -124.37543056944084, 0.395, NS
11, 34, 1082.598258, 304.5619658580055, 0.159, NS
19, 3, 1001.429894, 104.86928130961766, 0.47, NS
1, 28, 1149.611942, 40.860912658685656, 0.707, NS
16, 34, 1215.588576, 469.5361112823667, 0.108, NS
20, 26, 949.1978175, 36.52613110800058, 0.742, NS
26, 32, 923.7622325, 40.021793699926505, 0.708, NS
23, 13, 1065.075903, 301.69803689617453, 0.156, NS
26, 22, 872.1410698, -56.87727261774457, 0.641, NS
7, 32, 1220.165497, 575.119959822863, 0.022, HH
5, 10, 1054.926645, 348.51103194469266, 0.148, NS
6, 20, 892.3680485, -0.681509901503548, 0.991, NS
24, 4, 1219.712644, 296.45672958654194, 0.163, NS
12, 35, 1231.307277, 522.6017002776676, 0.062, NS
33, 15, 1237.076627, 865.2497517949922, 0.014, HH
5, 8, 1172.848062, 460.7520821748431, 0.119, NS
37, 18, 1090.03281, 207.84546876567012, 0.279, NS
2, 37, 1091.50251, 427.72981646074487, 0.108, NS
14, 28, 853.7237313, -31.377613233527814, 0.716, NS
23, 32, 953.3290663, 83.14239444157397, 0.54, NS
13, 28, 807.9383305, -37.14748323845089, 0.678, NS
2, 7, 1179.186679, 499.3595594907879, 0.08, NS
16, 33, 863.1169499, -96.14352165624332, 0.517, NS
7, 6, 1305.918949, -605.2509766194054, 0.029, HH
16, 15, 1163.74931, 379.46367372758226, 0.159, NS
20, 6, 1219.787068, -588.0194614587341, 0.048, HH
30, 16, 1179.884773, -43.49635158463824, 0.625, NS
14, 11, 945.2671216, -29.231343758519024, 0.725, NS
18, 16, 997.3337185, 16.695634262976228, 0.828, NS
23, 30, 940.7070158, 78.03660900278892, 0.641, NS
31, 22, 590.5059295, -457.56630661598854, 0.069, NS
23, 1, 1203.606733, 437.4374545455358, 0.083, NS
11, 36, 1243.229182, 782.5571853790591, 0.015, HH
15, 36, 1150.099762, 613.3265649768659, 0.043, HH
7, 11, 909.0359189, 0.08494852580225257, 0.999, NS
11, 6, 1385.867758, 202.92381099597125, 0.264, NS
6, 23, 783.3562707, -357.0199680321781, 0.145, NS
22, 20, 915.6757257, 11.167994941731607, 0.907, NS
13, 26, 659.4438017, -417.7832511878884, 0.098, NS
36, 5, 1072.611421, 361.40274258730335, 0.128, NS
9, 37, 977.1962846, 208.59168376927974, 0.209, NS
16, 37, 1097.3513, 267.1463960747466, 0.187, NS
27, 28, 995.353455, 106.44617878407482, 0.39, NS
12, 37, 905.2654906, -7.4113424974474995, 0.877, NS
33, 31, 688.8312166, -438.6902624623818, 0.072, NS
7, 5, 1079.512325, 369.6295929553446, 0.128, NS
1, 32, 1445.53757, 959.5958282034255, 0.002, HH
25, 1, 1024.93519, 262.85444112249735, 0.202, NS
15, 28, 1129.317219, 403.15771025317605, 0.069, NS
35, 1, 933.9712959, 42.797683936394534, 0.713, NS
36, 10, 1159.620489, -597.2545405847325, 0.008, HH
1, 31, 1010.473413, 220.589496796798, 0.251, NS
27, 12, 880.0356991, -35.24353000365252, 0.681, NS
22, 25, 1081.622398, 547.2218412907856, 0.086, NS
37, 5, 1410.616568, 1360.030809484843, 0.008, HH
23, 37, 1159.912743, 390.522823604253, 0.102, NS
21, 28, 714.9329917, -258.8152552851279, 0.219, NS
27, 9, 964.0163174, 32.65021228537409, 0.681, NS
21, 21, 582.4111947, 364.0447191814672, 0.154, NS
30, 23, 1217.956885, 620.0682912394594, 0.034, HH
37, 21, 886.4849355, -28.063873112781497, 0.8, NS
10, 3, 925.7389994, -25.983397524080644, 0.781, NS
29, 28, 1037.145427, 88.59769512425368, 0.518, NS
27, 32, 738.7954547, -365.0361754702299, 0.07, NS
3, 4, 861.2111612, -79.42728840301584, 0.617, NS
33, 6, 728.0871771, -539.0095388217491, 0.075, NS
9, 13, 1055.24859, 419.9980812114704, 0.055, NS
37, 9, 805.0720478, -206.1186673213129, 0.295, NS
36, 31, 913.9412218, 8.969589151501877, 0.888, NS
21, 7, 1280.759388, 598.5283095718822, 0.028, HH
5, 21, 1151.919507, 443.24031505407146, 0.108, NS
11, 1, 807.6219924, 106.68766599124216, 0.428, NS
31, 32, 928.3962295, 28.87574710292547, 0.769, NS
2, 32, 1099.321661, 311.87308762671097, 0.19, NS
22, 14, 962.9864334, 69.86033710667982, 0.555, NS
24, 17, 1204.626467, 510.5402041573489, 0.02, HH
30, 32, 1137.756903, 435.0289302368753, 0.06, NS
26, 12, 1050.785211, 219.10428528061078, 0.249, NS
6, 34, 905.8819181, -2.8924654155478025, 0.958, NS
27, 18, 921.2690038, 6.154909352431802, 0.927, NS
35, 28, 849.3647874, -53.66021819342128, 0.648, NS
26, 27, 900.5654922, 2.5797760969825507, 0.961, NS
24, 2, 788.9659801, -221.81312062307495, 0.179, NS
25, 8, 997.9900991, 145.61389538586553, 0.426, NS
27, 29, 1149.57503, 80.3800134673684, 0.514, NS
27, 7, 753.9602131, -177.68697884972596, 0.257, NS
6, 5, 909.1085842, 1.9798650466260448, 0.973, NS
20, 34, 775.9201818, -440.93400581898806, 0.114, NS
23, 3, 1206.470392, 282.0069703776451, 0.238, NS
24, 15, 742.3459711, -302.65982412913775, 0.148, NS
7, 27, 1003.750553, -29.64397111772151, 0.705, NS
8, 33, 635.1849558, -800.4169438617164, 0.029, LH
15, 16, 850.1816351, -66.84930828071164, 0.518, NS
28, 3, 903.1471227, 4.469725193602103, 0.95, NS
6, 13, 809.8135303, 6.702117903872474, 0.894, NS
25, 33, 874.3365961, -45.506433175168425, 0.672, NS
8, 22, 1284.31858, -191.40121064846397, 0.318, NS
23, 29, 891.9609734, -23.141825848295547, 0.806, NS
4, 6, 1139.172622, -531.3235957596168, 0.089, NS
11, 27, 971.435611, 69.23924242869998, 0.533, NS
23, 34, 872.7060732, -51.02979191014272, 0.681, NS
15, 3, 966.6519299, 43.19726061315672, 0.71, NS
13, 23, 978.4266328, 186.55781122917085, 0.334, NS
26, 21, 635.9692133, 177.4758576876117, 0.355, NS
16, 17, 987.6554057, 145.93064434644208, 0.367, NS
22, 4, 1180.435635, 249.25916666862804, 0.242, NS
28, 11, 1362.677148, -58.40523565572883, 0.566, NS
34, 32, 1044.435777, 225.033222993761, 0.201, NS
24, 35, 1108.776302, 104.87836492114349, 0.441, NS
6, 6, 637.9069293, -286.8139808089745, 0.163, NS
28, 27, 1124.834036, -219.97778132680554, 0.18, NS
16, 5, 825.2035086, -178.9567791131511, 0.398, NS
34, 7, 977.5739555, 144.53996856728597, 0.323, NS
16, 11, 1046.745792, 142.12376845256767, 0.361, NS
35, 2, 1151.142099, 64.7730627732581, 0.636, NS
3, 27, 765.4165698, 202.00107201612053, 0.283, NS
7, 31, 764.2808, -311.8557135552327, 0.101, NS
6, 28, 1046.783852, 179.84388733897998, 0.274, NS
16, 31, 919.4723913, 21.087569995792528, 0.827, NS
36, 19, 813.886792, -94.84037689709673, 0.486, NS
3, 26, 1234.042057, 378.7866280930947, 0.134, NS
21, 6, 1208.567244, 24.225805588058684, 0.828, NS
25, 15, 1240.293319, 815.372370824764, 0.012, HH
25, 20, 904.3673204, -12.504698402377798, 0.889, NS
37, 14, 904.6811688, -3.9998860486446834, 0.952, NS
25, 3, 783.5188276, -204.84778752966665, 0.325, NS
31, 25, 1315.589955, 478.9906738460931, 0.129, NS
21, 36, 800.7893203, -12.987224768895521, 0.902, NS
14, 26, 1181.099051, 365.67961285967374, 0.11, NS
27, 22, 1102.562113, 270.13093884679256, 0.15, NS
8, 32, 1080.096549, 420.69366168489614, 0.114, NS
10, 22, 1053.961186, -84.27740601842676, 0.481, NS
2, 24, 876.8347694, -93.12147916218028, 0.588, NS
26, 29, 905.8719925, 1.2194321002292774, 0.978, NS
30, 11, 1117.529631, -132.6103350515498, 0.351, NS
31, 21, 1232.728199, 392.94384687831086, 0.15, NS
22, 28, 1254.897385, 292.2777677875915, 0.167, NS
26, 9, 987.6728985, -99.68708133239544, 0.465, NS
37, 10, 1582.374488, -422.39005327598767, 0.103, NS
27, 33, 1432.506165, 889.7093661305279, 0.004, HH
29, 36, 1031.953817, 285.4320955000489, 0.247, NS
20, 36, 757.3889861, -170.4124125929778, 0.408, NS
32, 31, 958.4128229, 128.0687171056904, 0.367, NS
2, 34, 671.6624535, -536.3538755390873, 0.092, NS
22, 6, 1259.453188, 709.661490951705, 0.034, HH
15, 30, 1048.045483, -144.1516612849452, 0.405, NS
25, 18, 772.6242486, -355.59138343607833, 0.114, NS
31, 19, 845.4723732, -100.6467458499162, 0.526, NS
37, 30, 1091.17081, -184.76708780499226, 0.41, NS
33, 10, 1563.508707, 1446.8013466778532, 0.0, HH
16, 32, 1026.637416, 293.10626559078094, 0.157, NS
10, 19, 883.7669843, -47.615814753033675, 0.655, NS
26, 3, 1389.369572, -433.7046071956063, 0.118, NS
3, 31, 1115.124807, 424.04042616683387, 0.089, NS
34, 6, 972.6474748, -41.743255765304674, 0.695, NS
13, 19, 689.9770724, -504.55123472327114, 0.043, LH
13, 3, 1367.636719, -633.1523333913341, 0.025, HH
36, 27, 762.7570833, -235.0688163183519, 0.167, NS
35, 17, 1082.663185, 467.4182432006008, 0.089, NS
36, 20, 1190.808945, -396.9061413807912, 0.091, NS
21, 8, 828.5634251, 69.89304873523517, 0.618, NS
27, 23, 1192.312954, 585.2988001307003, 0.039, HH
15, 25, 1130.826405, 529.0968247682105, 0.065, NS
10, 35, 1285.423506, 851.4042230498546, 0.01, HH
5, 5, 859.2086954, -57.3727116823404, 0.687, NS
24, 8, 1163.643393, 385.82093575879406, 0.105, NS
6, 16, 877.7894336, -63.3758763232113, 0.532, NS
36, 37, 678.700927, 333.2530648744807, 0.094, NS
1, 11, 982.5935661, -63.69679030518433, 0.587, NS
33, 16, 1163.444407, 365.260920890817, 0.107, NS
37, 15, 770.7342382, -20.314732591548918, 0.851, NS
6, 2, 992.3883975, -13.309641931722242, 0.851, NS
34, 3, 1046.866325, -9.944778894031153, 0.892, NS
11, 21, 1198.177873, -8.293162448348118, 0.902, NS
16, 36, 1054.062679, 473.6226225385632, 0.113, NS
27, 27, 894.3517385, -10.129545170464976, 0.881, NS
18, 32, 1047.562342, 224.9295552793716, 0.198, NS
3, 28, 1246.572799, -101.1361248228195, 0.461, NS
5, 18, 1227.705907, 541.388398002808, 0.071, NS
36, 28, 1041.54232, 215.06349699309598, 0.209, NS
19, 30, 1099.279808, -131.15377375513108, 0.416, NS
22, 8, 1193.340437, 429.24342197204606, 0.121, NS
8, 34, 939.3609163, 78.44296136109192, 0.617, NS
15, 9, 1493.938771, -39.98231796502893, 0.661, NS
31, 14, 712.2682624, -434.1307571039583, 0.077, NS
33, 4, 1061.721224, 264.2644156545738, 0.284, NS
21, 35, 1145.386371, 252.48821160227033, 0.277, NS
26, 15, 700.2446949, 355.211424232648, 0.15, NS
33, 14, 820.6067837, -200.2960544214787, 0.284, NS
27, 8, 1055.523939, 29.66744700262741, 0.755, NS
25, 10, 1034.991567, 328.62100372634734, 0.146, NS
15, 29, 1190.726235, 89.27141509435332, 0.436, NS
36, 32, 1220.14747, 308.4308138674805, 0.111, NS
8, 25, 1033.665955, 208.65387510527668, 0.425, NS
9, 1, 995.4857297, 134.65248379786945, 0.338, NS
22, 13, 1047.521647, 172.1805059536388, 0.314, NS
33, 20, 1058.458303, 163.3977642801654, 0.36, NS
33, 29, 837.8610921, -257.03905212865925, 0.2, NS
20, 25, 902.0861255, -7.074476716783684, 0.935, NS
23, 26, 543.4340208, -260.44229943823666, 0.261, NS
7, 4, 1166.524632, 491.8984697999398, 0.062, NS
35, 32, 785.1822713, -364.5072042251717, 0.143, NS
15, 7, 1179.157873, 480.402993148421, 0.03, HH
14, 16, 1043.631851, 25.669509980550025, 0.735, NS
21, 4, 1516.381809, 627.4496905810768, 0.049, HH
1, 19, 1036.656468, 209.77940106714146, 0.305, NS
2, 3, 1068.851966, 103.63943784966695, 0.564, NS
19, 21, 795.9559033, -77.84720311923107, 0.528, NS
11, 4, 1108.34325, 327.5023056720179, 0.112, NS
27, 31, 836.6145329, -138.12609481576797, 0.323, NS
4, 3, 813.5992747, 253.48423470998222, 0.289, NS
13, 7, 567.0225759, -777.027352186754, 0.007, LH
20, 32, 1049.997389, 209.14536662889873, 0.27, NS
34, 34, 1290.702553, 761.438979092039, 0.014, HH
30, 26, 906.8522138, -1.3064680953283103, 0.975, NS
35, 9, 1263.283218, 815.2182373388202, 0.021, HH
33, 11, 968.9615635, 146.30916904465593, 0.379, NS
35, 8, 615.9213533, -1074.8495624609054, 0.014, LH
19, 34, 962.1874913, 107.18678706220052, 0.451, NS
8, 36, 1205.227842, 703.1223590725243, 0.058, NS
20, 22, 533.6431391, 153.1362825759825, 0.344, NS
28, 33, 871.7544033, -100.32499462150741, 0.476, NS
10, 27, 984.1871861, -119.73075602038979, 0.395, NS
8, 35, 727.9791435, -631.8351599575984, 0.076, NS
9, 12, 1322.647003, 881.4790036736835, 0.001, HH
12, 20, 985.7693826, 167.11487563116282, 0.306, NS
17, 26, 1061.144657, 70.60698807889453, 0.586, NS
13, 12, 1185.393903, -122.93305425319416, 0.358, NS