Global Moran's I value is: 718598.1576. It is positive, significantly at 0.01 level.
O, D, V, MoranI, p-value, pattern
18, 29, 509.862953, 776.7524635014946, 0.002, LL
32, 9, 510.2795344, 1154.6320541989364, 0.0, LL
10, 9, 502.0566553, 2047.2015383962635, 0.0, LL
3, 18, 497.8527057, 3188.0446133089417, 0.0, LL
14, 18, 497.8675657, 3174.750251731355, 0.0, LL
32, 1, 502.6883595, 2131.4261457655666, 0.0, LL
7, 10, 502.1935323, 1688.2730466790736, 0.0, LL
17, 13, 503.0305898, 2039.9181272678236, 0.0, LL
34, 14, 493.5922137, 1393.313410356086, 0.0, LL
32, 24, 494.7330371, 2002.3393265667592, 0.0, LL
32, 37, 500.461671, 1913.3948429777881, 0.0, LL
14, 37, 504.3007008, 3122.559526815018, 0.0, LL
4, 10, 492.8067166, 3210.680406586761, 0.0, LL
7, 2, 497.642196, 739.9530465200297, 0.004, LL
30, 20, 497.804498, 3189.469903345321, 0.0, LL
20, 21, 504.545179, 1846.4402694975074, 0.0, LL
28, 10, 497.2655476, 2091.134710256207, 0.0, LL
20, 20, 494.9313573, 2387.6716558379935, 0.0, LL
32, 21, 499.4766589, 1461.7850465389579, 0.0, LL
7, 20, 499.3831047, 1387.760406279261, 0.0, LL
7, 21, 498.4986973, 896.997476870773, 0.004, LL
7, 9, 504.7609707, 1039.0683943292534, 0.001, LL
29, 37, 503.251131, 2397.1773691441126, 0.0, LL
13, 20, 492.7667862, 3225.2736870788963, 0.0, LL
4, 2, 503.8920059, 2110.056372619575, 0.0, LL
29, 14, 498.490613, 2451.9790299303963, 0.0, LL
8, 9, 500.4713394, 1988.544068715488, 0.0, LL
17, 37, 496.3842368, 3187.619574588998, 0.0, LL
29, 1, 498.6429888, 2428.715937711787, 0.0, LL
28, 13, 491.561087, 1291.8262606673134, 0.0, LL
13, 24, 497.7202071, 3192.9733712457682, 0.0, LL
13, 29, 501.8571814, 1497.3343996935464, 0.0, LL
29, 18, 498.4926555, 2653.4435638883633, 0.0, LL
4, 37, 502.2033814, 3141.894781420073, 0.0, LL
8, 21, 501.8591825, 2343.1718558203224, 0.0, LL
3, 9, 493.1235935, 2098.7889738815397, 0.0, LL
3, 30, 502.2024834, 3136.2426182432496, 0.0, LL
10, 10, 500.9922515, 3144.3768255635455, 0.0, LL
17, 1, 499.8526132, 3159.593695032255, 0.0, LL
13, 14, 496.2005079, 3188.5030087605987, 0.0, LL
1, 8, 499.4071503, 2276.4233475083834, 0.0, LL
28, 21, 495.5140277, 1501.1735229506507, 0.0, LL
20, 14, 496.9702656, 2458.699880860375, 0.0, LL
13, 15, 500.9570422, 3152.0558502069352, 0.0, LL
20, 29, 503.0793019, 1108.4389720545873, 0.001, LL
28, 15, 501.9450432, 2101.615130510103, 0.0, LL
3, 15, 501.1309213, 3159.576679000371, 0.0, LL
32, 30, 504.2956249, 2149.940902814314, 0.0, LL
1, 18, 498.4995697, 3183.7703572607866, 0.0, LL
32, 10, 493.6895257, 2188.5137078831367, 0.0, LL
32, 18, 503.1908551, 1985.365955833897, 0.0, LL
29, 8, 497.4363044, 1794.488474629976, 0.001, LL
17, 24, 491.7906429, 3229.7085613382887, 0.0, LL
14, 14, 504.1939116, 3125.618334043565, 0.0, LL
4, 17, 500.1531871, 1416.1274066681483, 0.0, LL
28, 17, 494.923258, 757.0554245839689, 0.003, LL
8, 18, 498.1984773, 3187.6990556160736, 0.0, LL
10, 17, 498.3963235, 1398.887638017037, 0.001, LL
1, 37, 498.3083324, 3175.014813877814, 0.0, LL
10, 20, 499.2534264, 3170.5585972240124, 0.0, LL
7, 17, 505.9968753, 503.97111352262823, 0.03, LL
34, 29, 496.1309104, 572.3086151891955, 0.023, LL
8, 20, 500.5842958, 3171.39617136632, 0.0, LL
28, 29, 491.1785335, 773.1734566802313, 0.004, LL
10, 14, 506.8010859, 3106.249087501984, 0.0, LL
1, 9, 501.3194192, 1936.7323444378521, 0.0, LL
18, 20, 494.363416, 2051.052874322846, 0.0, LL
18, 9, 498.6753871, 1164.071004241504, 0.0, LL
7, 29, 505.2939934, 506.38966542262386, 0.029, LL
13, 13, 495.1683751, 2119.9422805639115, 0.0, LL
8, 24, 493.1673826, 3237.2102256770777, 0.0, LL
14, 10, 501.6873117, 3133.702458229077, 0.0, LL
30, 29, 489.3857077, 1250.6207208250407, 0.001, LL
20, 15, 495.7526741, 2628.8798214634203, 0.0, LL
18, 8, 510.9089161, 1512.3221361705341, 0.0, LL
17, 14, 496.8266057, 3185.754011723063, 0.0, LL
17, 2, 496.5575277, 1985.4338102411655, 0.0, LL
8, 17, 497.1102826, 1440.1148376206027, 0.0, LL
3, 29, 489.7173312, 1758.4470358534752, 0.0, LL
10, 18, 493.951333, 3208.4994780212933, 0.0, LL
8, 37, 503.7991679, 3125.8908056997093, 0.0, LL
13, 21, 507.7113494, 2224.4754278721325, 0.0, LL
10, 21, 501.8529336, 2344.3287818529952, 0.0, LL
18, 14, 506.9007251, 2057.419361053673, 0.0, LL
28, 20, 493.6421904, 2067.8655656745136, 0.0, LL
17, 18, 506.7685321, 3114.523829993599, 0.0, LL
7, 30, 505.0482497, 1727.447946873748, 0.0, LL
8, 29, 498.5534778, 1138.3311144315533, 0.003, LL
34, 1, 504.118781, 1535.3316364402738, 0.0, LL
34, 13, 499.8224022, 990.0875825205406, 0.0, LL
3, 20, 496.7095934, 3197.2764796057627, 0.0, LL
29, 24, 492.4042097, 2625.325849290379, 0.0, LL
13, 17, 495.025505, 1287.384759300712, 0.0, LL
10, 37, 496.6721585, 3185.433388947741, 0.0, LL
8, 8, 487.6214387, 2535.9419402444382, 0.0, LL
30, 1, 504.3947677, 3131.0052639421037, 0.0, LL
29, 9, 502.9043184, 1421.1375435774198, 0.0, LL
32, 13, 496.8759097, 1343.748981258571, 0.0, LL
34, 20, 499.5898923, 1371.2363030883862, 0.0, LL
8, 1, 498.7617128, 3169.6272882395106, 0.0, LL
14, 2, 498.330729, 1787.422461119319, 0.0, LL
28, 24, 503.4934272, 2040.2857792714703, 0.0, LL
17, 8, 502.8125963, 2239.4182377099473, 0.0, LL
3, 8, 499.2605834, 2354.0638783557324, 0.0, LL
4, 18, 494.1858899, 3212.53343390063, 0.0, LL
30, 15, 506.9141469, 3108.195853518553, 0.0, LL
32, 15, 502.298308, 1960.040453079803, 0.0, LL
4, 24, 502.4423075, 3145.3721362969745, 0.0, LL
20, 1, 502.706761, 2420.314715666032, 0.0, LL
34, 24, 503.4623911, 1345.1090630959125, 0.001, LL
1, 15, 500.5102384, 3158.840150557185, 0.0, LL
3, 2, 492.0403689, 1931.925923606902, 0.0, LL
29, 15, 500.2317486, 2471.362826139706, 0.0, LL
17, 9, 504.306209, 1999.5123271434045, 0.0, LL
1, 1, 504.1475456, 3129.1128101735358, 0.0, LL
34, 18, 505.4443478, 1310.7768410265262, 0.0, LL
20, 37, 500.5384099, 2460.4534422086067, 0.0, LL
18, 21, 494.2154585, 1458.3869731362263, 0.0, LL
3, 13, 507.4788077, 2183.9316483076673, 0.0, LL
28, 1, 509.622233, 1955.868433665413, 0.0, LL
20, 18, 496.8343186, 2509.2862542638504, 0.0, LL
32, 2, 504.7380863, 1008.5113820899644, 0.0, LL
14, 8, 490.3725328, 2555.1291525981956, 0.0, LL
4, 9, 502.1441805, 1966.477967076827, 0.0, LL
14, 9, 495.3301652, 2142.4838003055665, 0.0, LL
18, 2, 500.3402847, 1269.13016628668, 0.0, LL
8, 30, 502.2907679, 3145.414864203907, 0.0, LL
3, 21, 493.7909246, 2257.775261477954, 0.0, LL
28, 14, 500.7732506, 1965.9357740803039, 0.0, LL
34, 21, 511.7099902, 826.9551232780098, 0.009, LL
32, 17, 499.339625, 630.9544767410013, 0.009, LL
4, 30, 497.1817362, 3178.4178191154456, 0.0, LL
18, 24, 500.5272598, 1981.3884977450189, 0.0, LL
32, 8, 506.5768103, 1354.5391121028756, 0.0, LL
4, 13, 499.6950396, 2243.458976099366, 0.0, LL
1, 20, 491.6893274, 3237.674780455674, 0.0, LL
10, 29, 503.6369313, 1419.1155922654539, 0.0, LL
14, 30, 495.5412767, 3178.53897703754, 0.0, LL
20, 8, 507.4745973, 1776.8251611028008, 0.0, LL
4, 29, 491.5256788, 1739.9102262159242, 0.0, LL
10, 2, 495.9437496, 1999.7636892505946, 0.0, LL
34, 30, 509.7865642, 1561.2876309753965, 0.0, LL
4, 21, 501.1355956, 2456.993185291184, 0.0, LL
32, 14, 496.9342449, 2074.0847292420935, 0.0, LL
30, 21, 495.6533941, 2351.155225409663, 0.0, LL
18, 30, 504.6888585, 2420.742868805294, 0.0, LL
1, 21, 500.4492139, 2200.7622210449113, 0.0, LL
3, 17, 508.3830153, 1321.405987188444, 0.0, LL
34, 9, 502.1871909, 786.7088763152216, 0.002, LL
34, 15, 500.0769136, 1356.3076173258416, 0.001, LL
29, 13, 506.6050044, 1292.7049304198665, 0.0, LL
7, 14, 498.6535288, 1534.2394202073826, 0.0, LL
30, 2, 497.2990134, 1995.248167517319, 0.0, LL
10, 15, 496.0454152, 3187.4532507085046, 0.0, LL
20, 30, 486.6404924, 2785.7968325204993, 0.0, LL
8, 14, 490.8562523, 3233.176554529684, 0.0, LL
3, 37, 517.2709242, 3029.6116716564648, 0.0, LL
17, 29, 491.3073555, 1689.031094870759, 0.0, LL
34, 8, 504.7887512, 997.1406943664776, 0.003, LL
14, 13, 496.1991287, 2066.141032914132, 0.0, LL
18, 15, 501.0165807, 2254.939600085266, 0.0, LL
20, 10, 500.9962697, 2547.1803091390557, 0.0, LL
14, 29, 496.6776632, 1410.2109030519846, 0.0, LL
29, 21, 491.5453445, 2008.3184793741466, 0.0, LL
18, 18, 504.0175409, 2065.7263044188317, 0.0, LL
14, 24, 493.9669387, 3208.173579994692, 0.0, LL
7, 37, 506.6833538, 1583.0353811150342, 0.0, LL
13, 8, 509.9404403, 2390.538150282283, 0.0, LL
34, 37, 506.7201657, 1382.9057247126648, 0.0, LL
30, 17, 493.866123, 1526.9426241565025, 0.0, LL
3, 14, 503.7830118, 3137.0682589712105, 0.0, LL
20, 17, 494.5974208, 1283.8745120810931, 0.0, LL
29, 20, 498.3163484, 2614.7174120297796, 0.0, LL
28, 2, 494.2398608, 1210.4715136559018, 0.0, LL
18, 1, 494.7058948, 2147.465410315555, 0.0, LL
14, 21, 499.2171387, 2224.3566350907067, 0.0, LL
28, 8, 502.8304272, 1689.6845332070388, 0.0, LL
8, 13, 499.2848907, 2039.4454039902228, 0.0, LL
10, 30, 500.2356392, 3148.129740041498, 0.0, LL
30, 8, 497.4096151, 2501.547598753732, 0.0, LL
13, 30, 502.7177385, 3132.2356122320766, 0.0, LL
30, 9, 502.6271817, 2061.189728198323, 0.0, LL
34, 2, 504.1738739, 707.7518541381296, 0.003, LL
28, 9, 494.8406737, 1375.4180306529638, 0.0, LL
3, 10, 509.9599975, 3078.1877883748775, 0.0, LL
7, 8, 499.8906585, 1373.9789482507758, 0.001, LL
30, 37, 494.5336682, 3202.557079225119, 0.0, LL
30, 18, 496.7614518, 3193.1292736530177, 0.0, LL
29, 29, 500.0615471, 833.9230366990425, 0.006, LL
34, 10, 499.9030271, 1658.933990579759, 0.0, LL
13, 10, 493.0906869, 3206.885106608728, 0.0, LL
7, 1, 504.1717093, 1448.040681844965, 0.0, LL
8, 10, 495.6800137, 3193.9466425707924, 0.0, LL
1, 29, 506.8429684, 1325.4944739174675, 0.0, LL
4, 20, 501.3635532, 3157.3899594822396, 0.0, LL
7, 24, 502.0931619, 1371.202784571828, 0.001, LL
20, 2, 499.1232532, 1697.9385465742869, 0.0, LL
4, 15, 502.3733742, 3151.729345960424, 0.0, LL
32, 29, 498.1004241, 841.9059194845142, 0.006, LL
3, 24, 501.1403465, 3162.522366486539, 0.0, LL
1, 14, 501.5182548, 3152.2380581170914, 0.0, LL
8, 2, 505.2550071, 1939.7641057881826, 0.0, LL
32, 20, 496.121361, 2110.7830777007393, 0.0, LL
1, 17, 499.8659633, 1337.859057954059, 0.0, LL
30, 14, 500.2648766, 3161.747617170707, 0.0, LL
28, 37, 496.3693771, 2130.65063938206, 0.0, LL
20, 9, 498.1734489, 1442.9610855723536, 0.0, LL
7, 18, 499.5848303, 1428.5218552233234, 0.0, LL
30, 10, 496.101454, 3188.47857427423, 0.0, LL
13, 9, 495.14047, 2124.924091999477, 0.0, LL
20, 24, 505.4864105, 2330.1924017547135, 0.0, LL
18, 10, 504.6714646, 2293.398289324372, 0.0, LL
4, 8, 496.4520072, 2286.4660516535178, 0.0, LL
4, 1, 495.8182441, 3187.667847031905, 0.0, LL
17, 17, 499.6538976, 1340.766579409968, 0.0, LL
1, 13, 500.4768851, 2050.9828809297564, 0.0, LL
1, 2, 499.6066358, 1835.933285224686, 0.0, LL
13, 2, 498.2459314, 1855.7720729657722, 0.0, LL
13, 18, 496.1502091, 3197.5706771909013, 0.0, LL
13, 37, 494.6069268, 3198.9247219273775, 0.0, LL
10, 13, 496.0442723, 2020.8654094015271, 0.0, LL
29, 2, 494.0285693, 1598.3877338259604, 0.0, LL
10, 24, 498.1610462, 3184.344249369062, 0.0, LL
29, 17, 500.9087444, 927.6319977058255, 0.004, LL
29, 30, 501.8768491, 2384.4817925104944, 0.0, LL
3, 1, 495.4525457, 3195.1848229056877, 0.0, LL
17, 30, 501.367814, 3141.9775941410167, 0.0, LL
17, 20, 487.1914431, 3265.1426101227776, 0.0, LL
10, 8, 503.9201727, 2383.786298203472, 0.0, LL
18, 37, 506.6551745, 2043.1263898273955, 0.0, LL
10, 1, 513.0866272, 3060.4168856357337, 0.0, LL
28, 30, 507.6472, 2065.932530362173, 0.0, LL
30, 13, 501.3224167, 1983.9695662127585, 0.0, LL
29, 10, 505.6343187, 2346.5605036351244, 0.0, LL
18, 13, 500.8569909, 1374.5097173285506, 0.0, LL
14, 17, 501.2988941, 1370.210394171764, 0.0, LL
1, 24, 494.1248724, 3222.8226970633045, 0.0, LL
8, 15, 496.638484, 3188.6843564388087, 0.0, LL
14, 1, 497.2077898, 3178.1073267277275, 0.0, LL
34, 17, 495.9817757, 647.2612479802183, 0.012, LL
4, 14, 492.6902274, 3217.6235191284036, 0.0, LL
18, 17, 499.7509256, 1045.865958219973, 0.0, LL
14, 15, 497.7429344, 3176.4177482938394, 0.0, LL
28, 18, 499.1117125, 2135.6506561761994, 0.0, LL
1, 30, 494.9390404, 3195.4287602141567, 0.0, LL
30, 24, 492.366455, 3237.0183729174973, 0.0, LL
30, 30, 504.4995663, 3120.323508213433, 0.0, LL
17, 21, 506.1223702, 2255.583584811834, 0.0, LL
13, 1, 493.2936669, 3210.6857195774496, 0.0, LL
1, 10, 497.4561568, 3177.1058926073556, 0.0, LL
7, 15, 499.168716, 1621.666760075692, 0.0, LL
17, 10, 499.665335, 3155.5016527575126, 0.0, LL
7, 13, 500.1311622, 996.980605505668, 0.0, LL
17, 15, 502.1869488, 3147.2934878965225, 0.0, LL
20, 13, 500.8953649, 1679.703750369126, 0.0, LL
14, 20, 502.2665813, 3146.7762955504004, 0.0, LL
34, 26, 1076.605089, 391.5186320769052, 0.106, NS
30, 33, 1171.023452, 349.28187571376316, 0.125, NS
30, 34, 1163.190491, 593.0909708292795, 0.034, HH
25, 14, 1234.94506, 1034.3455154340884, 0.0, HH
1, 25, 1146.087541, 502.4524746210797, 0.1, NS
2, 4, 797.9665666, -171.3299837170622, 0.43, NS
22, 35, 876.0076479, -59.041439216014936, 0.622, NS
12, 29, 1078.112573, 388.8149419237141, 0.048, HH
30, 5, 887.1731505, -28.600099889437303, 0.765, NS
25, 9, 774.1235597, -244.28613652386528, 0.223, NS
30, 22, 1126.077523, -137.9388899222945, 0.359, NS
29, 33, 1359.041133, 1081.5768312153018, 0.006, HH
3, 33, 925.5576207, 41.9396933444713, 0.73, NS
4, 33, 1049.278831, 360.2278049012486, 0.196, NS
32, 6, 767.0553331, 162.5679020479655, 0.325, NS
36, 8, 934.2228389, -22.362668050128008, 0.792, NS
14, 6, 1165.17425, -764.8238311952763, 0.02, HH
37, 25, 1199.015973, 848.8590034604277, 0.031, HH
4, 32, 1157.702772, 642.6023912276079, 0.035, HH
35, 30, 1077.147147, 394.77795022597496, 0.226, NS
11, 18, 794.2234918, 46.807867438290685, 0.608, NS
18, 12, 1285.733786, -25.782589129227357, 0.758, NS
17, 32, 1071.499816, 319.57757055762886, 0.098, NS
5, 20, 1013.592702, 338.71603256155294, 0.191, NS
16, 9, 1172.683425, 385.86822128720667, 0.103, NS
22, 36, 1176.248076, 546.7353643824941, 0.077, NS
16, 12, 1149.764755, 455.3041797681242, 0.071, NS
9, 33, 822.3561855, -164.2597287596819, 0.324, NS
23, 20, 1102.906806, 399.8702153329722, 0.138, NS
28, 4, 1076.685933, 372.79634888282953, 0.127, NS
22, 7, 1124.624668, 186.2952849827425, 0.259, NS
16, 2, 1182.501069, 243.31763124238861, 0.202, NS
2, 33, 1156.285638, 504.80156470484553, 0.127, NS
12, 8, 986.3183258, 244.5057962731789, 0.224, NS
23, 31, 996.0934382, 108.03887049894023, 0.432, NS
27, 17, 932.024201, 28.534705626989144, 0.714, NS
15, 35, 1086.465317, 412.8915588682283, 0.099, NS
35, 22, 1080.169936, 171.12064653421857, 0.345, NS
3, 32, 1104.553884, 529.00007354837, 0.057, NS
27, 35, 1164.383181, 450.8274266865818, 0.068, NS
9, 17, 859.6591264, -117.28425289695626, 0.372, NS
26, 4, 1100.501257, 298.20162429293094, 0.209, NS
17, 27, 1082.974361, -265.4942427451499, 0.164, NS
4, 28, 584.4212667, -67.6276839162457, 0.613, NS
8, 26, 937.0536969, 57.269314756869925, 0.699, NS
19, 20, 1259.939835, 137.5622684770623, 0.384, NS
2, 2, 725.762395, -319.7843992253785, 0.151, NS
19, 32, 1405.248814, 1089.6996255949475, 0.0, HH
16, 8, 1069.052001, 292.31993611413543, 0.206, NS
19, 8, 1002.530685, 68.42306839294432, 0.546, NS
27, 30, 1064.760401, 25.705677568901702, 0.802, NS
23, 18, 1237.49804, 509.8310956930656, 0.041, HH
34, 28, 1207.057143, 391.1013816936891, 0.069, NS
27, 10, 481.6758641, 48.746685946730985, 0.611, NS
26, 11, 903.3232965, -1.4374127140580366, 0.977, NS
11, 5, 1011.817327, 229.74328730723616, 0.261, NS
13, 35, 1378.860296, 1387.5385238742451, 0.0, HH
9, 21, 1122.824408, 311.7394888150268, 0.149, NS
23, 25, 774.7339878, -94.02194459169095, 0.567, NS
32, 36, 1056.451, 280.74490166942763, 0.219, NS
14, 4, 948.0707723, 82.44294570865786, 0.543, NS
9, 10, 944.6584668, 59.130595891962216, 0.563, NS
28, 26, 781.6817579, -178.58607353593626, 0.292, NS
10, 36, 937.4327343, 52.50446412402421, 0.65, NS
34, 4, 1319.96866, 774.2419809234161, 0.006, HH
14, 25, 804.9945072, -58.308564740997355, 0.649, NS
15, 24, 1250.188262, -308.39858088629137, 0.194, NS
37, 31, 968.9715507, 62.11942876129589, 0.643, NS
23, 14, 882.3077828, -55.73405611997508, 0.633, NS
26, 16, 1511.495654, 1245.895876819524, 0.002, HH
21, 22, 1106.779885, 49.17425270235406, 0.67, NS
9, 7, 1242.84611, 576.7457078895162, 0.022, HH
23, 35, 1094.683449, 114.10379957882566, 0.464, NS
8, 16, 821.6994351, -77.8131386705931, 0.583, NS
1, 34, 1203.995444, 431.6067027473578, 0.106, NS
17, 3, 1106.865985, -357.6271791527438, 0.131, NS
6, 21, 809.7034406, 22.21481325531429, 0.783, NS
19, 4, 1021.039011, 214.34849097457953, 0.249, NS
9, 15, 852.9256148, -112.74021433965447, 0.416, NS
12, 36, 1297.784958, 816.0875433087955, 0.014, HH
19, 11, 955.1516429, 52.921303493524654, 0.569, NS
29, 35, 1131.957011, 674.089371208269, 0.035, HH
21, 1, 840.6672835, 147.5718257922416, 0.359, NS
32, 19, 1051.140303, 291.65799328039606, 0.162, NS
35, 35, 952.9103368, 138.83044256824795, 0.454, NS
23, 8, 1056.421092, 246.48234271196745, 0.282, NS
20, 11, 1214.280689, -178.53791227751594, 0.315, NS
12, 22, 1020.055444, 98.10354663864757, 0.433, NS
9, 22, 906.8931224, -0.7897552411729294, 0.99, NS
15, 19, 1085.108398, 129.24418246555902, 0.391, NS
11, 14, 847.9829771, 72.77155941757871, 0.492, NS
26, 17, 1242.549797, -84.69572467362678, 0.525, NS
20, 35, 976.6659522, 130.92023260943913, 0.446, NS
29, 19, 948.9864335, 100.49080231764368, 0.497, NS
12, 11, 933.8535432, 45.7822031371426, 0.632, NS
15, 31, 1029.564553, 270.2560461152801, 0.118, NS
5, 36, 822.5908708, -95.1332783650795, 0.605, NS
35, 29, 1106.497813, 470.3560299743516, 0.078, NS
4, 22, 865.6555879, 33.200406116882476, 0.769, NS
21, 29, 1075.125273, -32.511701180462765, 0.732, NS
5, 31, 603.0576946, -545.0474084707207, 0.063, NS
32, 34, 1243.11971, 1119.388891718275, 0.002, HH
30, 4, 960.9093225, 68.59316920247957, 0.566, NS
35, 24, 925.0362489, 16.085300822928478, 0.87, NS
34, 16, 696.6500747, -118.50752831510687, 0.385, NS
15, 6, 1139.452617, 243.0174430858972, 0.209, NS
35, 15, 851.6513388, -172.0939672418362, 0.373, NS
12, 27, 1064.465439, 402.8946466872632, 0.05, HH
28, 23, 1062.277975, 375.08260981386417, 0.134, NS
6, 37, 904.7510398, 3.2547006724374503, 0.949, NS
30, 28, 845.0672828, -40.7000186256928, 0.642, NS
12, 19, 894.2677293, -11.0705353795968, 0.885, NS
14, 33, 447.3292476, -385.67104762217946, 0.102, NS
31, 8, 802.5048604, -218.44473296239408, 0.303, NS
37, 17, 1035.30397, 130.29088587686084, 0.432, NS
23, 7, 1165.843355, 167.29609690271425, 0.294, NS
34, 22, 1444.066894, 1.6842908106361436, 0.968, NS
13, 4, 1001.124587, 170.1840294632158, 0.324, NS
10, 4, 997.68142, 172.79394989052443, 0.321, NS
37, 22, 1007.494471, 141.8390219470965, 0.369, NS
12, 9, 1300.135709, 959.3984136871102, 0.002, HH
25, 26, 980.3618232, 81.96212635970434, 0.575, NS
33, 25, 1150.247482, 576.1680677629508, 0.076, NS
31, 5, 1150.709524, 654.8534009862991, 0.064, NS
34, 27, 1298.973862, 265.4050609765001, 0.169, NS
1, 12, 608.8993937, 88.56349258250948, 0.478, NS
3, 7, 1067.988302, 268.29989009493045, 0.185, NS
7, 16, 1288.473102, 402.9648915561566, 0.064, NS
19, 17, 894.8446313, -10.131594677868044, 0.875, NS
13, 36, 1127.220453, 435.6062892837109, 0.112, NS
36, 15, 607.0596702, 520.5107674482738, 0.045, LL
2, 36, 778.4137274, -226.8075503525156, 0.36, NS
5, 11, 1260.793951, 196.43910457595823, 0.291, NS
5, 26, 1022.958387, 176.84574706381642, 0.381, NS
4, 26, 766.5735146, -142.15054130081992, 0.458, NS
1, 6, 930.2858858, -35.53466474312497, 0.746, NS
22, 9, 800.0478334, -199.82519561093474, 0.283, NS
8, 3, 987.7484923, -98.44960821327587, 0.563, NS
28, 32, 826.6948413, -214.0715463093102, 0.19, NS
11, 24, 829.292674, -2.399909386962307, 0.966, NS
36, 17, 718.7864001, 92.02389103414433, 0.429, NS
21, 12, 735.8023907, -75.93391153888474, 0.546, NS
33, 37, 953.9456308, 176.16087861082005, 0.33, NS
32, 22, 932.8545814, 5.599535468657154, 0.914, NS
5, 14, 1261.495109, 980.1795156527022, 0.006, HH
21, 25, 1040.665952, 327.18850759794424, 0.236, NS
12, 21, 1153.511126, 343.4798490118639, 0.115, NS
37, 27, 1152.185937, 591.4173717087824, 0.051, NS
8, 4, 796.0553281, -160.33086412533444, 0.392, NS
33, 17, 992.4051319, 212.95541830990462, 0.267, NS
29, 25, 749.6140073, -109.15058126909938, 0.543, NS
26, 33, 792.5458215, -334.0679572620625, 0.178, NS
16, 16, 1004.933735, 147.92768807389487, 0.363, NS
31, 34, 1159.101988, 317.96012852589206, 0.209, NS
30, 19, 825.4739723, -140.44801748683315, 0.379, NS
9, 19, 972.5387347, 63.25904040152524, 0.558, NS
5, 25, 1133.356619, 567.9748528746876, 0.1, NS
26, 5, 1128.246533, 403.3220904632908, 0.168, NS
17, 7, 1060.250842, 221.57040515281034, 0.215, NS
9, 26, 936.0004269, 52.41922935752548, 0.642, NS
31, 33, 1195.368113, 604.3801799583554, 0.055, NS
10, 31, 1024.286403, 315.467663794067, 0.113, NS
36, 18, 1305.479931, -505.25677430787886, 0.025, HH
8, 5, 960.9368103, 84.39604019666108, 0.601, NS
24, 5, 755.7016729, -285.2076945204793, 0.202, NS
34, 35, 1085.459377, 441.1050081582498, 0.075, NS
25, 31, 825.0555747, -83.37099676810841, 0.507, NS
31, 10, 876.2311175, -58.66427513695444, 0.593, NS
5, 22, 1003.01531, 264.051950407987, 0.237, NS
23, 23, 845.1598566, -106.24754274336803, 0.523, NS
12, 10, 870.1620213, -93.21810679087476, 0.44, NS
33, 1, 1011.748351, 235.00046049607087, 0.213, NS
20, 3, 983.8466531, -176.1351112637382, 0.377, NS
2, 23, 1250.40571, 365.7713107535782, 0.224, NS
9, 34, 732.0771565, -321.63975197823385, 0.136, NS
25, 28, 765.941417, -176.40774317299835, 0.297, NS
25, 17, 1147.234649, 422.7739933536796, 0.085, NS
21, 5, 1297.702802, 553.6802378091309, 0.081, NS
15, 13, 979.4889908, -22.81190416937981, 0.774, NS
31, 17, 964.5276955, 111.27706767099882, 0.445, NS
21, 18, 1422.061465, -1224.725943894152, 0.0, HH
33, 8, 860.1308593, -119.03346160850782, 0.498, NS
3, 6, 1179.878649, -602.6381047364863, 0.049, HH
25, 19, 811.1030303, -246.2885681792633, 0.25, NS
32, 5, 840.6053529, -238.69224857928828, 0.247, NS
27, 13, 1120.477222, 153.7310443263044, 0.286, NS
35, 10, 1296.093818, 1015.9074706430945, 0.004, HH
35, 16, 1256.216556, 678.4541942302379, 0.027, HH
2, 27, 956.2329269, 18.26281118840036, 0.847, NS
27, 4, 592.460227, -316.9676580621188, 0.145, NS
12, 25, 1086.92166, 496.9656603802586, 0.071, NS
32, 32, 1037.307773, 245.8616013578359, 0.166, NS
35, 5, 1365.921756, 1355.9051753508681, 0.01, HH
2, 16, 1316.026406, 682.4472434130207, 0.037, HH
29, 27, 861.8442603, 52.021682049159274, 0.656, NS
7, 22, 1066.577683, 111.03236922817437, 0.41, NS
4, 12, 1007.853021, -27.267138214495, 0.791, NS
26, 10, 1183.698603, -479.38310129324293, 0.059, NS
22, 10, 308.0151238, -311.74268104819583, 0.172, NS
18, 23, 1043.609912, 269.6684059649514, 0.21, NS
2, 26, 850.7825993, -42.993871873477445, 0.737, NS
26, 18, 950.424581, -76.23337757213774, 0.509, NS
14, 32, 1053.234641, 269.24668487598126, 0.121, NS
20, 28, 817.0812624, -68.59914384348305, 0.585, NS
26, 26, 987.0768045, 69.03091809955862, 0.626, NS
16, 4, 1172.715324, 236.2759667105009, 0.264, NS
27, 2, 1406.401825, 600.9894403143193, 0.01, HH
37, 8, 882.7699092, -32.077619300533286, 0.808, NS
22, 11, 745.6842997, -147.40165436195468, 0.352, NS
37, 32, 915.6210051, 8.624079129995623, 0.888, NS
24, 7, 1276.039536, 453.1970622623488, 0.05, HH
36, 12, 1090.920705, 77.91275032035331, 0.473, NS
26, 34, 1080.623513, 430.6250246329977, 0.135, NS
15, 23, 1057.27013, 192.17078443708496, 0.31, NS
9, 4, 838.8662134, -127.84543229184897, 0.423, NS
23, 28, 1022.899351, 103.6825340696704, 0.455, NS
15, 21, 982.4867162, -39.15120162144014, 0.734, NS
9, 36, 732.1972054, -402.69123331059455, 0.122, NS
36, 3, 1421.169808, 160.80461692670985, 0.324, NS
24, 32, 991.1226343, 127.33611141354974, 0.352, NS
1, 23, 1285.805614, 988.4293690912658, 0.021, HH
24, 33, 1210.962032, 465.0492324902904, 0.071, NS
12, 23, 607.1284846, -124.64545848081754, 0.427, NS
30, 7, 1260.108391, 785.3879924257351, 0.007, HH
23, 4, 1270.556704, 145.1754990748786, 0.419, NS
22, 27, 764.719202, -290.5161124888296, 0.155, NS
11, 30, 839.162702, 92.07017294492879, 0.531, NS
1, 16, 1141.644043, 76.5590308610945, 0.564, NS
37, 3, 969.1001141, 72.22174534274393, 0.63, NS
18, 19, 1099.526336, 234.31263661660913, 0.229, NS
9, 18, 878.7184522, -51.50654092021032, 0.603, NS
27, 16, 998.1510111, 186.1173965996252, 0.246, NS
27, 11, 868.3094824, -40.02010349766744, 0.669, NS
3, 22, 1182.272765, -57.90188502764591, 0.59, NS
33, 34, 1206.332136, 493.5377193000593, 0.073, NS
15, 14, 1109.003274, -207.2707258776892, 0.206, NS
17, 36, 1275.547529, 392.1638082184425, 0.132, NS
19, 37, 924.7047794, 8.366103334529665, 0.886, NS
27, 34, 864.249672, -73.34611732971312, 0.551, NS
3, 34, 866.5782409, -103.38892982021518, 0.499, NS
37, 28, 1026.670054, 220.4086879663878, 0.285, NS
6, 22, 1277.028344, 731.8974933424549, 0.009, HH
21, 17, 812.2508587, 140.59377143559988, 0.36, NS
33, 21, 851.4322129, -49.97631173894887, 0.695, NS
2, 22, 990.8835368, 68.99402178682539, 0.59, NS
31, 6, 876.2333159, -60.95447476972721, 0.622, NS
20, 12, 631.7188049, 88.37378266757946, 0.504, NS
25, 23, 1144.582971, 557.8907391680644, 0.074, NS
29, 4, 656.1866149, -362.82857893771137, 0.161, NS
31, 31, 767.0544152, -257.8803611754624, 0.19, NS
31, 23, 958.629427, 60.979852987846236, 0.667, NS
25, 24, 954.205001, 129.3532099226712, 0.507, NS
9, 23, 928.0253031, 19.139562326417717, 0.833, NS
23, 33, 1014.397218, 191.45885105362106, 0.333, NS
27, 21, 819.9890655, -66.99559560862387, 0.566, NS
22, 17, 1009.434016, 102.70269580595996, 0.447, NS
4, 27, 890.7741415, 21.619417830531965, 0.819, NS
4, 5, 1030.730065, 307.8581557150128, 0.277, NS
2, 20, 1180.690771, 241.8182862072723, 0.286, NS
28, 31, 1074.395992, 473.05296410337087, 0.039, HH
33, 19, 1042.864838, 124.14230725760024, 0.468, NS
35, 21, 907.4500693, -0.22237519384783636, 0.996, NS
36, 21, 861.9104138, 27.08870714980625, 0.751, NS
36, 22, 608.6624594, -133.64450210269675, 0.336, NS
18, 35, 646.201738, -690.5656490596265, 0.015, LH
33, 18, 775.0406533, -228.7763025273319, 0.238, NS
12, 4, 891.8300634, -17.620596542546092, 0.822, NS
20, 5, 886.9731831, -66.48283309410533, 0.63, NS
33, 27, 1253.525828, 923.8551694281373, 0.005, HH
35, 14, 1284.082656, 608.5739898877662, 0.045, HH
26, 6, 835.7904523, 27.005691553967207, 0.801, NS
25, 35, 865.6436035, -12.487538345604742, 0.884, NS
5, 24, 1576.945943, 1663.48922511213, 0.003, HH
11, 25, 653.0244881, -375.05171863120415, 0.108, NS
15, 37, 755.1942919, 84.0500277012084, 0.468, NS
3, 5, 942.2013048, 74.98437685295036, 0.621, NS
22, 2, 788.4819547, -134.45086006057437, 0.378, NS
26, 7, 894.6922395, -25.285518406865396, 0.788, NS
11, 35, 1248.279327, 571.3202640361683, 0.033, HH
31, 1, 1331.716601, 791.5504645918702, 0.004, HH
15, 22, 1307.754232, 25.231930276720405, 0.733, NS
13, 34, 788.6034198, -379.11056000004487, 0.108, NS
22, 37, 910.4445742, 3.0551290375258553, 0.952, NS
32, 3, 1006.361749, -7.120306748660416, 0.919, NS
20, 19, 980.4005042, 116.95881633847617, 0.446, NS
4, 23, 1070.157295, 164.94715087548337, 0.44, NS
24, 21, 1211.009918, 494.1507825002043, 0.051, NS
36, 25, 883.5292024, -70.40327725623158, 0.576, NS
6, 32, 1208.816396, 561.3532127876488, 0.022, HH
20, 23, 843.0268603, -86.32287115901686, 0.574, NS
20, 31, 1094.565482, 393.13899804086964, 0.102, NS
9, 32, 1018.8489, 230.41276213567895, 0.172, NS
35, 11, 1171.134799, 454.58416404396024, 0.085, NS
1, 22, 805.3800579, 25.196336371288574, 0.785, NS
35, 34, 1411.514397, 1247.166188021765, 0.007, HH
31, 24, 532.0357575, -916.4632337639133, 0.024, LH
10, 12, 852.7396956, 40.42099584802568, 0.645, NS
16, 6, 1333.136556, 1184.4420509318895, 0.003, HH
31, 16, 865.8002025, -77.87957646289557, 0.528, NS
37, 7, 602.0383188, -670.1976660813876, 0.029, LH
34, 23, 665.9829251, -514.6827826712389, 0.062, NS
34, 11, 1075.417325, 52.73070770072367, 0.625, NS
20, 4, 665.4190798, -488.6562745653017, 0.094, NS
13, 11, 985.0334521, -68.8925839740334, 0.542, NS
24, 11, 1096.31821, 393.10707816115644, 0.055, NS
17, 11, 942.344433, -34.752130922910695, 0.684, NS
19, 6, 1011.985107, 218.22275800700965, 0.215, NS
16, 13, 1211.567784, 409.3426980795699, 0.077, NS
11, 12, 1365.736667, 421.51310747079884, 0.05, HH
17, 34, 1219.774678, 703.5546996098706, 0.016, HH
25, 5, 766.1482385, -48.53629856028644, 0.711, NS
9, 3, 1255.451559, 522.5451445971554, 0.049, HH
21, 37, 1103.096828, -383.8706549484765, 0.1, NS
17, 22, 1344.211093, -269.6060613813575, 0.165, NS
31, 36, 1083.266358, 227.71090800987255, 0.317, NS
5, 13, 800.4836806, -178.40704435138016, 0.337, NS
20, 27, 1223.767211, -332.03668150607695, 0.117, NS
34, 12, 945.6470039, -4.776503702640356, 0.938, NS
17, 19, 1293.478837, 540.9304045679182, 0.049, HH
37, 24, 737.245036, -258.5265407310127, 0.307, NS
25, 36, 1088.532591, 189.92468513405032, 0.368, NS
21, 19, 986.8174413, 50.803492460449036, 0.678, NS
18, 33, 965.1203603, 56.96717820545007, 0.619, NS
32, 33, 1121.191855, 244.58378144123728, 0.208, NS
1, 27, 1290.157704, -196.2682150705773, 0.274, NS
6, 29, 651.6233604, -27.300466001966043, 0.757, NS
6, 17, 995.4578596, 41.29177004613168, 0.684, NS
5, 33, 659.1187833, -574.9787871551373, 0.086, NS
24, 31, 1330.913401, 642.6294254866478, 0.01, HH
35, 6, 1287.579417, 1216.7908817269179, 0.005, HH
12, 6, 1035.129022, 366.5880436888092, 0.112, NS
16, 30, 968.5380792, 52.429429635548, 0.707, NS
27, 26, 884.4016079, -26.96904319860113, 0.761, NS
33, 2, 984.7631025, 86.37798007281553, 0.527, NS
16, 35, 1020.823532, 306.41047788025566, 0.197, NS
5, 7, 1130.884169, 165.00198859757765, 0.37, NS
15, 10, 1346.52832, -456.72930317606017, 0.04, HH
5, 27, 853.5218848, -70.94208629087974, 0.621, NS
25, 16, 1008.67703, 200.41572105285246, 0.269, NS
2, 30, 1408.70291, 765.7432686211474, 0.056, NS
2, 8, 776.1468797, -196.02646887550935, 0.34, NS
28, 22, 895.5566925, -8.205895627566084, 0.902, NS
6, 12, 622.8337896, -296.7430505017417, 0.108, NS
12, 16, 1177.023484, 383.5059303589013, 0.072, NS
6, 8, 753.0482085, 72.39826452029965, 0.555, NS
15, 12, 957.7454766, 27.036252574333687, 0.737, NS
36, 9, 884.2078773, 3.726342807099474, 0.934, NS
26, 1, 746.8541152, 299.36239492517467, 0.16, NS
22, 31, 829.5404016, -92.84879891938823, 0.489, NS
26, 19, 1125.95781, 575.9386539040146, 0.066, NS
25, 37, 1020.063603, 227.58266752809928, 0.226, NS
33, 35, 927.6608053, 27.406472091852063, 0.773, NS
19, 28, 803.3038381, -159.16810087870093, 0.282, NS
18, 4, 822.7742812, -198.95310806905255, 0.256, NS
10, 28, 1290.628601, 272.65523526741185, 0.158, NS
10, 16, 1152.329131, 28.990600084691113, 0.732, NS
8, 28, 1420.458058, 431.8731195248704, 0.098, NS
18, 36, 721.6195212, -228.0462005796982, 0.278, NS
31, 28, 861.6771607, -108.40096783546595, 0.437, NS
36, 26, 1050.888478, 392.35997569628427, 0.099, NS
26, 31, 1250.45034, 869.8493113569485, 0.005, HH
35, 31, 1049.695794, 346.5573477431846, 0.136, NS
22, 32, 1021.881119, 169.01868165780994, 0.312, NS
25, 4, 713.2715515, -92.07834662129197, 0.554, NS
14, 5, 1271.180864, 840.9281511942621, 0.01, HH
11, 7, 975.3216754, 104.1119064679925, 0.403, NS
32, 16, 991.2509142, 69.96834484295265, 0.503, NS
33, 3, 960.4283191, 57.89908113162672, 0.664, NS
24, 10, 865.1339766, -58.429404103189825, 0.572, NS
23, 10, 1478.875039, 1042.2627514553187, 0.002, HH
10, 25, 847.9444624, -48.834755983282555, 0.662, NS
17, 28, 819.4563691, 21.45509873624247, 0.798, NS
16, 3, 1080.773654, 161.7384388865924, 0.373, NS
5, 1, 1116.519905, 369.2119425190137, 0.135, NS
24, 6, 844.6288591, -67.79940666725201, 0.577, NS
29, 7, 969.7063977, 162.63652557688363, 0.323, NS
24, 19, 1187.197653, 455.16732502596625, 0.071, NS
12, 1, 981.1563043, 119.02343173458229, 0.385, NS
31, 35, 713.3379027, -65.20887371106498, 0.599, NS
32, 11, 922.4138443, 2.2858101000871196, 0.958, NS
34, 5, 1293.331817, 741.0242614015145, 0.013, HH
12, 18, 705.1856462, -408.314841215934, 0.051, NS
28, 6, 973.5911099, -121.65864049110039, 0.411, NS
29, 31, 1059.074609, 445.6520048007449, 0.073, NS
24, 36, 1228.512223, 545.083492378734, 0.056, NS
13, 33, 590.0058947, -404.61256522475617, 0.099, NS
1, 7, 784.3352671, -189.34765177554053, 0.295, NS
6, 19, 1184.888901, 830.3379441935459, 0.009, HH
20, 16, 1055.659502, 42.65690024361217, 0.656, NS
27, 15, 1146.704608, 78.87671739216283, 0.556, NS
28, 5, 1190.722606, 744.2361957199815, 0.029, HH
17, 23, 801.1295026, -193.78283297515014, 0.325, NS
24, 14, 475.6401515, -801.1985869066385, 0.001, LH
2, 15, 866.1996294, -60.03395978861739, 0.648, NS
36, 29, 1417.150822, -27.179643643779528, 0.738, NS
26, 30, 1022.979391, -203.0308410669416, 0.348, NS
14, 27, 853.7235285, 79.61231158503692, 0.487, NS
15, 33, 1046.313091, 184.30284315695937, 0.289, NS
31, 29, 1148.151795, 738.6938537911667, 0.011, HH
12, 32, 1411.14461, 840.7162704435063, 0.003, HH
36, 4, 970.1054005, 144.80244785435406, 0.376, NS
24, 20, 1455.928328, 653.086546611316, 0.025, HH
12, 30, 1019.892036, 282.2893221764935, 0.213, NS
14, 7, 951.3671979, 108.45714684298221, 0.404, NS
5, 16, 1543.733416, 1675.214847984206, 0.0, HH
22, 12, 941.5124013, 44.24119511339295, 0.698, NS
24, 37, 727.8223308, -394.2483458504169, 0.048, LH
36, 14, 1122.459488, -248.99732994992291, 0.151, NS
22, 1, 1252.572291, 432.00978594128446, 0.077, NS
11, 23, 868.6160893, -88.71860925861228, 0.525, NS
5, 35, 1067.824501, 235.39193905819835, 0.286, NS
17, 25, 708.0954356, -220.5910112883199, 0.28, NS
37, 20, 1017.16258, 127.94979706787095, 0.474, NS
26, 36, 1348.335197, 965.1847197083083, 0.012, HH
36, 30, 660.8051317, 546.6328668218541, 0.065, NS
12, 17, 583.215246, -668.7532597919692, 0.008, LH
2, 17, 933.1130302, 34.08892422131773, 0.761, NS
14, 34, 989.2210653, 251.14813890114957, 0.224, NS
22, 24, 1081.164663, 234.6339226401264, 0.294, NS
13, 6, 1094.801606, -468.5309130572872, 0.076, NS
37, 16, 865.3348625, -27.752539357094065, 0.789, NS
31, 27, 1059.899169, 250.5619465137025, 0.202, NS
33, 26, 1129.724951, 424.09036488582905, 0.125, NS
26, 23, 907.9032659, 0.39960015917768216, 0.995, NS
16, 1, 621.446844, -371.34346970441743, 0.118, NS
16, 26, 776.488547, -197.06105850313608, 0.331, NS
21, 15, 683.5251254, 556.8120236638863, 0.067, NS
6, 36, 838.960244, -123.73088472801642, 0.445, NS
11, 2, 785.4196938, -17.827913500230213, 0.808, NS
25, 25, 1243.727076, 502.6152485347876, 0.095, NS
6, 9, 1012.930139, 4.50713060702159, 0.942, NS
5, 12, 1136.553174, 502.2975749298845, 0.071, NS
19, 15, 950.6736185, 3.5628772336206063, 0.955, NS
2, 12, 747.7370135, -336.5865225231454, 0.149, NS
24, 24, 1100.17415, 465.2768809096091, 0.089, NS
18, 5, 741.444239, -481.81948036846313, 0.074, NS
29, 5, 1054.2117, 301.6626456111123, 0.238, NS
27, 6, 888.4096741, -17.019573238749377, 0.829, NS
10, 7, 1108.570962, 469.6068370255096, 0.047, HH
7, 34, 1205.439315, 746.8527157152137, 0.016, HH
24, 27, 956.8630618, 38.67904931448897, 0.706, NS
35, 20, 1122.367754, 380.17337030186957, 0.198, NS
12, 15, 1050.401379, 483.77429848534916, 0.067, NS
33, 36, 873.1736136, -73.28401374944471, 0.634, NS
4, 19, 840.7296579, -139.8695983519144, 0.455, NS
31, 4, 1289.620685, 751.7347511714414, 0.024, HH
11, 8, 654.7960439, 9.963637024051016, 0.905, NS
3, 23, 933.7687631, 59.04088365364376, 0.66, NS
25, 7, 1051.723826, 50.748675107991545, 0.639, NS
14, 22, 1226.785066, -168.66955912106624, 0.291, NS
1, 33, 846.6901795, -78.07215297625984, 0.614, NS
14, 3, 913.6727064, -7.553632143801754, 0.932, NS
8, 7, 907.6140564, -0.29978157551173296, 0.992, NS
32, 12, 834.2233732, 27.39613212395024, 0.72, NS
22, 26, 1040.069907, 245.9861236974585, 0.26, NS
29, 22, 994.0194492, 21.267050938356707, 0.815, NS
31, 18, 859.8888186, -71.01708917033727, 0.561, NS
10, 5, 1003.792383, 238.66818779042836, 0.229, NS
33, 9, 1244.580007, 872.2751680525815, 0.006, HH
23, 36, 554.1437691, -587.5416434645635, 0.08, NS
23, 5, 940.8325074, 28.133537175813256, 0.786, NS
31, 30, 623.594171, -599.5487829340739, 0.069, NS
32, 28, 1014.433035, 162.04699224856859, 0.259, NS
4, 7, 1377.25013, 934.3007835409477, 0.006, HH
11, 10, 1206.71276, -392.70131647192517, 0.069, NS
37, 11, 933.6241077, 36.2866710837874, 0.743, NS
1, 36, 956.7199728, 80.09193455732195, 0.597, NS
23, 9, 1034.821065, 217.96307806620493, 0.266, NS
17, 5, 1523.835263, 744.3822607309557, 0.023, HH
7, 35, 755.9253483, -352.21785379051914, 0.13, NS
31, 12, 897.6887197, -26.54750046697046, 0.764, NS
22, 23, 1175.989944, 365.14290149630824, 0.197, NS
21, 16, 1120.914588, -7.770747559253064, 0.91, NS
10, 32, 738.3093221, -329.6377393221911, 0.11, NS
18, 3, 1357.662144, -536.2047861154634, 0.049, HH
7, 28, 1169.55773, 340.70402511122313, 0.092, NS
4, 16, 1279.499392, 293.30466116996683, 0.224, NS
28, 7, 1231.484159, 856.963002833546, 0.001, HH
18, 7, 702.8732739, -565.4055696763321, 0.022, LH
3, 19, 897.0586363, -22.818201374196747, 0.831, NS
10, 33, 880.4192585, -26.49941944778775, 0.8, NS
27, 24, 1343.289629, 521.6596094869309, 0.069, NS
9, 16, 808.5077734, -173.54187131810704, 0.271, NS
24, 13, 1067.676313, 429.6233330024997, 0.06, NS
36, 24, 815.4448194, 96.72198425067812, 0.514, NS
18, 31, 1046.096778, 339.0311629216482, 0.086, NS
26, 28, 620.8423988, -329.13428934716194, 0.137, NS
18, 26, 1020.930385, 172.85786758784357, 0.348, NS
2, 10, 1169.973059, 346.7989623039181, 0.162, NS
31, 15, 1048.033511, 318.27232989006933, 0.167, NS
15, 26, 938.4486778, 68.2440615042203, 0.563, NS
9, 9, 1089.1411, 424.10704374559174, 0.047, HH
21, 23, 842.7595541, -96.19005115814745, 0.549, NS
33, 24, 1057.166211, 153.91353351442086, 0.423, NS
11, 26, 1009.066791, 128.41805005590024, 0.384, NS
10, 26, 1085.962378, 219.72564071166266, 0.247, NS
2, 35, 891.7323528, -13.807913904899234, 0.878, NS
30, 12, 1125.490892, -121.5515165551073, 0.333, NS
31, 37, 1510.967852, 1652.2906266329132, 0.0, HH
31, 3, 986.194923, 83.39215680065871, 0.595, NS
11, 16, 938.4588756, 57.62584049908766, 0.57, NS
26, 24, 869.4771456, 43.146152257267076, 0.704, NS
21, 24, 1015.489379, -223.9672446966958, 0.335, NS
11, 33, 765.4437874, -319.5079818879313, 0.156, NS
22, 18, 915.9637292, 10.747127223471848, 0.865, NS
14, 36, 485.4013568, -705.4403273444616, 0.037, LH
12, 28, 861.6627115, -72.56006134571918, 0.494, NS
36, 13, 1018.824446, -68.40296741675563, 0.547, NS
1, 3, 1351.720023, -416.90152651549914, 0.142, NS
26, 8, 1055.595516, -198.53241165499216, 0.333, NS
24, 26, 966.0893066, 20.204414920207643, 0.807, NS
11, 20, 1164.14677, -197.765298492917, 0.278, NS
16, 28, 513.9492108, -256.47620337703546, 0.199, NS
15, 1, 1381.643256, -712.0861818204328, 0.004, HH
23, 11, 862.2694011, -69.83576772445484, 0.57, NS
9, 29, 1344.051506, 1158.6615774175762, 0.0, HH
22, 34, 768.8547334, -129.3775753114611, 0.446, NS
24, 25, 1177.930042, 110.79049894766113, 0.516, NS
22, 29, 1019.674465, 92.71600626639884, 0.492, NS
30, 35, 1272.660603, 943.3866109144931, 0.004, HH
6, 11, 1077.115685, 54.91906620495405, 0.595, NS
35, 3, 756.3992678, -116.31252557466108, 0.496, NS
19, 24, 1005.886942, 23.402815737585275, 0.81, NS
2, 9, 932.0414292, 43.12440051029197, 0.71, NS
8, 31, 1139.001335, 650.3988670111436, 0.027, HH
19, 35, 953.8343434, 128.377781837463, 0.364, NS
27, 36, 975.2251688, 154.18928549854516, 0.383, NS
13, 16, 879.6912512, -14.497139242093576, 0.814, NS
30, 31, 1131.197717, 543.5552242711583, 0.016, HH
22, 16, 990.5587537, 75.37273309718684, 0.543, NS
35, 12, 1034.95463, 359.96282331340905, 0.127, NS
35, 36, 1281.167101, 1145.4798923839605, 0.024, HH
16, 18, 625.1023457, -446.3130739950952, 0.083, NS
37, 35, 989.1532185, 121.49441411353905, 0.476, NS
29, 23, 994.6439981, 192.1173721563481, 0.362, NS
5, 32, 1093.304246, 343.2209796598896, 0.163, NS
24, 3, 866.9245221, -68.10903688404736, 0.556, NS
24, 16, 994.1471477, 147.13753148803778, 0.282, NS
6, 3, 1183.857333, 132.44559659260392, 0.378, NS
9, 6, 951.1784214, 103.38731257260422, 0.463, NS
19, 26, 1027.570904, 285.39983554411583, 0.18, NS
6, 35, 1239.646459, 481.82130389540026, 0.069, NS
5, 2, 635.8699847, -548.8602760651052, 0.066, NS
16, 19, 812.3597773, -66.69196783201001, 0.635, NS
2, 21, 923.5950864, 19.01271498217713, 0.851, NS
27, 19, 1069.50332, 365.1002729353628, 0.126, NS
3, 16, 1397.944097, 362.57525900008795, 0.123, NS
19, 12, 796.586549, -94.53261477935291, 0.425, NS
6, 33, 890.9385065, -43.82835393248738, 0.674, NS
17, 33, 1237.986098, 323.926315930796, 0.124, NS
6, 24, 1207.008183, -165.9102308959818, 0.359, NS
6, 10, 1151.611507, -142.1897119666664, 0.314, NS
21, 14, 934.6798543, -52.717178242195324, 0.608, NS
37, 37, 1183.825412, 375.60745636185015, 0.145, NS
22, 5, 1166.696923, 307.19995622825303, 0.232, NS
35, 25, 1443.444817, 1454.2004264163918, 0.002, HH
6, 31, 1011.233111, 164.6781164259485, 0.276, NS
11, 29, 974.8036977, 27.52056959930631, 0.726, NS
5, 23, 1044.53925, 366.3246078836738, 0.224, NS
12, 3, 715.8765495, -233.9514899195906, 0.223, NS
23, 12, 693.8312108, -324.5904181601615, 0.116, NS
27, 1, 971.8689461, 14.240178115800035, 0.845, NS
7, 12, 973.3221456, -9.393005175532023, 0.868, NS
32, 27, 1102.07291, 39.95510438640563, 0.651, NS
7, 33, 1198.327285, 599.864657580423, 0.033, HH
24, 23, 824.7104772, -131.71320864787808, 0.438, NS
2, 1, 757.0556164, -281.10030715352275, 0.181, NS
37, 1, 888.7825895, -28.004670794356898, 0.749, NS
37, 29, 966.6195793, 70.27232072744899, 0.593, NS
28, 12, 848.5609973, -30.2830798206159, 0.72, NS
11, 37, 670.2099077, 163.60141343544242, 0.266, NS
5, 6, 1332.904753, 883.5315829327955, 0.024, HH
10, 6, 656.0338565, 646.4410089762721, 0.022, LL
27, 20, 903.9946867, -2.6594880265380305, 0.963, NS
25, 11, 977.4594535, 44.09917637365962, 0.659, NS
29, 16, 1259.995778, 393.24545271482805, 0.114, NS
25, 34, 1041.728608, 98.31941412991824, 0.522, NS
15, 2, 1091.532207, -27.536716175605978, 0.745, NS
23, 15, 1033.788649, 272.08970365813974, 0.237, NS
24, 34, 911.2435303, 4.859642078233797, 0.935, NS
19, 22, 835.8743667, -37.45304018578566, 0.68, NS
9, 31, 464.1427074, -992.9656525863913, 0.0, LH
12, 12, 1112.615732, 373.722779250179, 0.072, NS
26, 2, 869.7203286, 28.651555193126903, 0.749, NS
22, 33, 965.5057759, 61.71089955498097, 0.633, NS
36, 7, 750.8568431, -334.8766668371307, 0.079, NS
16, 14, 942.6201342, 36.18123252980086, 0.712, NS
35, 27, 735.4349999, -426.77736128873994, 0.104, NS
24, 30, 959.8404738, 72.48392096508778, 0.603, NS
36, 34, 1101.170388, 335.45384678995634, 0.134, NS
12, 34, 1031.844229, 187.99499123511686, 0.272, NS
35, 26, 888.9927609, -24.6262417062374, 0.831, NS
30, 6, 902.7511958, 11.932064249462558, 0.874, NS
24, 1, 1004.933847, 169.4878799971731, 0.251, NS
27, 14, 995.7063635, 59.09842593292501, 0.571, NS
16, 29, 1048.633289, 150.56218558263734, 0.356, NS
35, 19, 678.5276121, -271.44468397705515, 0.252, NS
34, 36, 997.8893692, 161.82030522588116, 0.4, NS
37, 6, 1302.280594, 779.5205057301483, 0.048, HH
23, 17, 917.0637854, 14.888467269199158, 0.869, NS
7, 26, 1074.133667, 247.45084176678273, 0.214, NS
6, 18, 1568.861839, -506.30652230932003, 0.03, HH
31, 2, 995.0834107, 110.87779048126542, 0.471, NS
4, 25, 990.7654773, 154.8223195817535, 0.456, NS
18, 6, 1013.439299, -125.01471111063078, 0.408, NS
15, 27, 1017.462077, 160.56994145267382, 0.258, NS
13, 27, 812.9089576, 117.62300439605373, 0.389, NS
17, 12, 666.4617794, 78.16824848625261, 0.487, NS
1, 35, 944.3142311, 90.42817914245828, 0.58, NS
25, 29, 1125.68421, 305.8537808306611, 0.145, NS
24, 18, 1313.375035, 624.9141719673598, 0.017, HH
23, 27, 781.6742121, -91.75426848969823, 0.472, NS
20, 7, 1028.211505, 304.0331199025825, 0.163, NS
23, 21, 1072.18469, 198.03600041674642, 0.279, NS
21, 27, 1005.730212, 114.60242208341286, 0.442, NS
13, 25, 759.9522248, -187.76816093003873, 0.314, NS
17, 4, 960.9337968, 63.73264721995076, 0.593, NS
11, 19, 758.8149992, -348.11687460843694, 0.122, NS
9, 5, 1193.357266, 803.007373030556, 0.015, HH
9, 14, 1262.732755, 612.7840559795401, 0.015, HH
14, 35, 1353.643087, 1237.6620872049257, 0.001, HH
24, 9, 1077.226365, 301.28894192972217, 0.127, NS
7, 25, 898.28693, -10.534148856621933, 0.904, NS
4, 11, 801.9361315, 121.21669654530778, 0.478, NS
14, 23, 1246.250101, 872.8973746681671, 0.012, HH
28, 25, 975.6796961, 53.01710898682515, 0.655, NS
29, 3, 760.8900943, 195.3640295935272, 0.325, NS
25, 22, 1073.484813, 335.41523273772384, 0.149, NS
6, 1, 1136.969045, -159.03123946919183, 0.298, NS
15, 32, 582.763194, -582.9900911853841, 0.017, LH
31, 11, 1091.099043, 494.8798496492444, 0.048, HH
2, 25, 873.3702286, 2.3617289791731237, 0.98, NS
24, 12, 1476.637257, 1061.1538217520279, 0.0, HH
19, 25, 1300.447529, 1119.1581697939585, 0.002, HH
37, 34, 920.1408242, 29.818458532060184, 0.8, NS
16, 7, 1006.407237, 123.30251040349663, 0.407, NS
11, 32, 1029.390016, 264.6827900063758, 0.151, NS
21, 34, 1167.20101, 439.5041002794861, 0.118, NS
34, 33, 996.43075, 78.38196624615122, 0.548, NS
15, 8, 657.155915, -17.601249472588414, 0.829, NS
18, 22, 972.2265315, -18.16823097992264, 0.802, NS
24, 22, 655.8536103, -318.13468833548274, 0.092, NS
1, 4, 1195.402226, 293.0743020630658, 0.226, NS
36, 33, 1052.457545, 101.75700912909285, 0.446, NS
30, 25, 963.4892609, 49.115705394716464, 0.666, NS
23, 19, 851.723944, -149.3468822785858, 0.403, NS
19, 13, 856.3271438, -16.864079700846045, 0.816, NS
37, 13, 976.4256847, 82.52982106977414, 0.574, NS
5, 29, 914.1590822, 6.390953432516916, 0.938, NS
29, 32, 1035.377495, 348.4182044627726, 0.133, NS
5, 3, 893.846397, -13.707254831368756, 0.891, NS
8, 19, 995.3232639, 234.19682281942954, 0.33, NS
33, 28, 981.6440246, 145.7393991476734, 0.373, NS
26, 20, 1089.961494, -178.06327372766026, 0.327, NS
19, 36, 681.0598579, -704.251165733874, 0.021, LH
19, 5, 692.142248, -511.3623974344275, 0.073, NS
19, 14, 936.5660301, -0.8105206201584773, 0.985, NS
9, 28, 1014.997269, 233.10351071393114, 0.179, NS
29, 11, 1199.432555, 88.2246919386811, 0.516, NS
8, 23, 1042.084552, 343.53675396670144, 0.21, NS
37, 36, 688.763089, -219.1392293736552, 0.361, NS
25, 30, 1072.909544, 434.41761033435586, 0.139, NS
11, 13, 1176.6213, 84.09242930768666, 0.455, NS
33, 30, 1013.220009, 204.11641690698488, 0.347, NS
10, 34, 1067.819795, 480.30566443365325, 0.058, NS
21, 33, 660.6336724, -138.4531869565319, 0.427, NS
13, 31, 882.7388409, -67.25170287293452, 0.554, NS
32, 25, 797.1370037, -210.14452935925448, 0.278, NS
9, 27, 1149.903432, 542.0152517057468, 0.021, HH
37, 33, 749.621861, -121.94783242253199, 0.508, NS
36, 16, 1086.701306, 122.92453293758693, 0.35, NS
29, 12, 1068.263626, 119.15259013900064, 0.41, NS
5, 9, 1139.829778, 474.2638220023805, 0.106, NS
35, 23, 863.6737025, 16.11102351741323, 0.892, NS
36, 2, 1042.535617, -44.95546452263379, 0.649, NS
12, 31, 858.823595, -91.71278841862971, 0.442, NS
5, 28, 755.7149065, -235.37951309057308, 0.259, NS
11, 11, 884.7839425, -34.985133231549206, 0.672, NS
14, 31, 1252.785132, 856.9869814985851, 0.002, HH
16, 10, 845.0695451, -68.44207112029072, 0.583, NS
32, 7, 1202.300616, 812.7499097828907, 0.004, HH
7, 23, 1272.997686, 897.67076525462, 0.008, HH
14, 19, 832.6538671, -116.84783979860123, 0.427, NS
19, 33, 1163.946907, 447.46234596748997, 0.066, NS
12, 26, 998.8726221, 165.24767343198857, 0.35, NS
21, 2, 697.9267437, 338.82155732653933, 0.126, NS
36, 1, 897.715202, 12.745128313967431, 0.829, NS
26, 37, 1357.431284, -988.1646766569899, 0.001, HH
9, 35, 750.3832995, -276.9479683172942, 0.181, NS
34, 25, 1185.10638, 576.5464885732271, 0.059, NS
31, 20, 961.6003168, 65.4596779570556, 0.65, NS
21, 3, 674.1320623, 159.72317250931508, 0.367, NS
2, 31, 930.0056773, 34.68228144754054, 0.769, NS
4, 34, 898.3822962, -30.35554292229901, 0.79, NS
23, 2, 606.3544819, -441.250830771894, 0.076, NS
10, 11, 1120.444636, -134.71613708800973, 0.348, NS
27, 3, 723.9157864, -226.6247820113928, 0.207, NS
35, 18, 1202.971011, 405.65736498267694, 0.118, NS
12, 14, 1123.003039, 435.42609072908425, 0.053, NS
31, 7, 921.6501388, 25.112767008073746, 0.759, NS
11, 31, 961.9291109, 111.53629167326511, 0.4, NS
22, 22, 1306.507667, 457.2034837637172, 0.088, NS
12, 2, 1098.876803, 205.77257766156717, 0.213, NS
6, 7, 1106.127833, 235.83118084116572, 0.172, NS
12, 33, 1112.44808, 319.1489916396099, 0.154, NS
22, 3, 1143.846831, 364.53507493849486, 0.136, NS
33, 7, 1104.790396, 386.7341596987614, 0.089, NS
31, 26, 708.6625096, -338.29050912396366, 0.181, NS
3, 11, 860.3734097, 73.60760174481037, 0.572, NS
15, 20, 1000.587222, -102.28796602699852, 0.472, NS
18, 27, 966.3680117, -3.020031586495289, 0.957, NS
34, 31, 1138.838105, 501.51371205331697, 0.035, HH
11, 3, 1299.061288, 456.00851543641994, 0.058, NS
23, 6, 784.6036588, -169.50541514929702, 0.336, NS
4, 4, 1467.865593, 1167.8059918285876, 0.006, HH
5, 34, 737.2775519, -224.34879367404852, 0.333, NS
12, 13, 1192.935102, 560.8627969357682, 0.024, HH
16, 24, 1221.364591, 386.4118268647299, 0.169, NS
27, 5, 849.833452, -86.55108196307161, 0.503, NS
5, 37, 852.5012848, -84.0277900560552, 0.546, NS
11, 28, 578.8951562, -567.2776441502451, 0.017, LH
16, 20, 1094.325604, 318.8331945284141, 0.214, NS
25, 32, 684.3251947, -202.05847074777918, 0.257, NS
19, 10, 1151.635375, -76.01963086645803, 0.501, NS
17, 31, 1240.216283, 721.6346734079577, 0.006, HH
21, 10, 733.4768406, 497.926477747855, 0.059, NS
13, 32, 762.7905871, -350.30577914653196, 0.084, NS
26, 35, 1066.858588, 360.5480353977469, 0.143, NS
2, 6, 995.102621, 94.76344090271515, 0.548, NS
33, 32, 1148.647899, 403.09152847927237, 0.084, NS
22, 19, 733.5189565, -82.65733470338901, 0.582, NS
21, 13, 949.3383882, -50.689583114598314, 0.644, NS
26, 14, 711.7793165, 265.4320192579103, 0.199, NS
6, 14, 1044.245293, -65.03026395587068, 0.52, NS
25, 27, 1474.530022, 677.9772564533414, 0.019, HH
22, 15, 848.6850701, -69.77907420910832, 0.608, NS
19, 18, 993.6711681, 43.15829057487288, 0.641, NS
35, 4, 778.3262804, -122.68066023185214, 0.485, NS
17, 16, 1145.504691, 75.66855912283684, 0.482, NS
21, 31, 1118.032231, 291.3688159848652, 0.158, NS
6, 27, 1289.779878, 284.5801679907894, 0.127, NS
19, 1, 970.0707294, -4.609757405687588, 0.931, NS
18, 25, 618.1550712, -526.6492313596108, 0.064, NS
26, 13, 976.7232099, -63.05811345248049, 0.569, NS
31, 9, 1057.835054, 330.84553575043793, 0.142, NS
2, 18, 1200.562959, 364.1187939813206, 0.133, NS
15, 17, 909.1907305, 0.16294563994810002, 0.994, NS
27, 25, 973.927395, 99.553515151522, 0.482, NS
15, 4, 1174.106919, 516.38761213955, 0.053, NS
9, 8, 1091.702485, 422.1313191833939, 0.084, NS
9, 11, 1499.977411, 1494.063643889413, 0.0, HH
15, 5, 861.1727346, -118.96321821296272, 0.456, NS
23, 22, 1159.397154, 382.93121535919187, 0.106, NS
31, 13, 1415.149324, 1653.0573307527188, 0.0, HH
29, 26, 980.1315593, 55.94861363975343, 0.676, NS
36, 36, 1293.060564, 433.51308301086823, 0.085, NS
37, 23, 1083.210391, 361.5385527858278, 0.221, NS
7, 36, 1167.727307, 686.7292591569842, 0.022, HH
2, 13, 1123.128046, 556.3648903994551, 0.047, HH
19, 7, 607.5896472, -511.63427881205826, 0.028, LH
25, 21, 993.839688, 180.31724778674499, 0.312, NS
35, 33, 1260.455619, 954.6071624329056, 0.017, HH
17, 35, 1348.959892, 857.1746708843068, 0.004, HH
22, 21, 919.251213, 18.57235809718183, 0.84, NS
9, 2, 1023.08236, 184.5314202073148, 0.234, NS
9, 20, 1176.613133, 288.19092676141264, 0.189, NS
2, 5, 1355.461809, 1282.3934875928658, 0.01, HH
30, 27, 1224.980871, -395.7111729553092, 0.063, NS
35, 37, 679.6965274, -711.3841245246294, 0.023, LH
32, 26, 912.91439, 11.71042219931692, 0.886, NS
26, 25, 716.923532, -163.22960550669865, 0.399, NS
3, 36, 816.6441756, -246.10399847955452, 0.282, NS
5, 4, 1110.675152, 168.3569042866779, 0.392, NS
6, 4, 873.4019401, -42.03087322873668, 0.658, NS
3, 25, 1217.897178, 396.2753833274898, 0.162, NS
32, 23, 969.8281394, 163.11877896369649, 0.367, NS
36, 35, 1182.827036, 465.52242384500715, 0.062, NS
5, 19, 1302.199207, 948.7591663836308, 0.024, HH
17, 6, 763.8775994, 358.3194531325174, 0.125, NS
4, 35, 1097.643691, 461.1014471154175, 0.119, NS
19, 31, 1038.976115, 237.61687508981151, 0.158, NS
12, 24, 774.9586674, -212.43664692184126, 0.276, NS
14, 12, 1155.405455, -217.15255236837513, 0.179, NS
2, 11, 885.9097042, -44.04831644568335, 0.704, NS
37, 19, 1195.666336, 379.63476347130677, 0.175, NS
9, 30, 1512.296479, 905.2561238756643, 0.01, HH
37, 12, 1000.150379, 76.35394478971492, 0.58, NS
20, 33, 677.0952982, -355.58876600129577, 0.16, NS
35, 13, 1106.282262, 395.632066895381, 0.118, NS
2, 29, 976.6493547, 137.40887087256516, 0.418, NS
2, 14, 892.7961827, -37.74517655366279, 0.725, NS
7, 19, 1148.535884, 585.7881682512457, 0.027, HH
16, 27, 801.7657276, -221.5754070731933, 0.25, NS
29, 34, 1169.926275, 816.0978458614964, 0.021, HH
37, 4, 833.5495067, -222.56244405858877, 0.313, NS
19, 16, 603.5234748, -334.2962414694011, 0.096, NS
8, 6, 1258.031236, -677.2912705310371, 0.064, NS
4, 31, 981.941317, 174.29351256971876, 0.359, NS
3, 3, 889.9081533, 25.820453650291466, 0.782, NS
5, 17, 1150.217534, 479.48154137668115, 0.089, NS
11, 9, 872.8851466, 0.29595056283455584, 0.993, NS
11, 22, 1255.503751, 427.6924050627327, 0.04, HH
28, 19, 1127.918392, 635.8242442256078, 0.024, HH
23, 24, 613.2455036, -767.7654149280709, 0.03, LH
16, 25, 1097.996395, 562.6653564328086, 0.08, NS
9, 25, 858.0119105, -103.72201246489229, 0.496, NS
22, 30, 695.05402, -167.47828507748454, 0.381, NS
1, 5, 951.7551112, 26.26085976977067, 0.832, NS
33, 12, 999.5437132, 220.65309153660456, 0.241, NS
19, 27, 1234.485066, 713.8907420359711, 0.006, HH
6, 30, 850.661243, 39.54766394671605, 0.713, NS
19, 9, 418.4361558, -466.18233860754805, 0.04, LH
37, 2, 1085.203323, 225.51056563997668, 0.273, NS
15, 15, 983.8068332, -9.342348258010905, 0.881, NS
33, 13, 1525.847432, 1956.2602332032902, 0.0, HH
18, 34, 1103.880802, 665.9101206349426, 0.022, HH
8, 11, 1122.975285, -94.69763340781881, 0.508, NS
21, 20, 1045.31159, -316.97516969243935, 0.187, NS
28, 28, 1001.471984, 117.43527248717899, 0.382, NS
25, 2, 748.5081409, -362.4729385278322, 0.126, NS
21, 9, 999.2174973, -19.46712557102052, 0.817, NS
19, 23, 779.3042319, -147.22921351116764, 0.38, NS
33, 22, 887.1318584, -14.403029426179335, 0.858, NS
13, 22, 989.7010003, -10.25275601948011, 0.87, NS
19, 29, 864.7908745, -32.80952491597229, 0.674, NS
33, 23, 1103.044229, -18.800096718165825, 0.87, NS
25, 13, 723.9765961, -293.79682561920725, 0.152, NS
18, 11, 1116.852888, 12.619245420696846, 0.855, NS
33, 33, 862.7533626, -96.46755759162377, 0.533, NS
5, 15, 1250.750367, 862.2127450811834, 0.026, HH
3, 12, 1181.780191, -137.07402534038394, 0.362, NS
37, 26, 1149.714939, 538.6257793256916, 0.106, NS
4, 36, 822.6091626, -190.5271089021294, 0.389, NS
30, 36, 707.3887365, -397.21556363963947, 0.123, NS
36, 6, 1248.400407, 278.0237514425922, 0.179, NS
2, 19, 1135.090913, 388.18089097861736, 0.165, NS
30, 3, 1021.977188, -169.13564092987653, 0.332, NS
13, 5, 677.6806435, -446.8641676839803, 0.09, NS
3, 35, 1041.174613, 391.7251010299449, 0.14, NS
5, 30, 1032.588705, 311.961422204662, 0.264, NS
6, 25, 976.7637117, 140.76730583925632, 0.401, NS
15, 11, 708.8344815, -201.81184819311656, 0.206, NS
11, 17, 1013.912936, 82.92227743630181, 0.482, NS
24, 28, 644.7849197, -353.7557656609602, 0.087, NS
25, 12, 1237.581422, 320.656366605342, 0.143, NS
15, 18, 1046.175817, -105.67055079193095, 0.412, NS
7, 7, 1151.408796, 476.0538149723449, 0.034, HH
28, 36, 1048.359829, 369.5093734439417, 0.134, NS
8, 27, 1051.456751, -97.74110513027816, 0.5, NS
23, 16, 905.5914894, -4.433652880894043, 0.945, NS
2, 28, 877.6025334, -38.149436677205365, 0.706, NS
29, 6, 715.9927671, 345.7355834199564, 0.186, NS
11, 15, 805.4697878, 87.66193528928864, 0.521, NS
7, 3, 1028.940417, 3.0492452172644473, 0.961, NS
15, 34, 1006.719038, 209.3400211557209, 0.23, NS
32, 35, 1186.695721, 755.0692707090134, 0.014, HH
21, 30, 931.8312782, -74.93174378109426, 0.618, NS
9, 24, 956.1601198, 98.85821436812391, 0.512, NS
28, 35, 1204.920074, 831.962919877102, 0.011, HH
19, 19, 716.350248, -162.96210259702582, 0.325, NS
32, 4, 1154.014239, 738.232512294543, 0.014, HH
28, 34, 896.2368441, -37.2012184925869, 0.701, NS
36, 11, 957.4130815, 35.6441712157603, 0.672, NS
27, 37, 1315.931709, 26.120632617589624, 0.747, NS
24, 29, 980.5580618, 153.66254107070256, 0.28, NS
12, 7, 833.3387101, -101.98945674774623, 0.407, NS
34, 19, 963.1309535, 64.12799538556665, 0.587, NS
21, 11, 981.4489301, 44.9194541276507, 0.671, NS
8, 12, 826.0948512, -4.199844191963594, 0.952, NS
10, 23, 1012.665604, 239.18096106242072, 0.247, NS
18, 28, 1421.604893, 585.0638414147202, 0.013, HH
16, 21, 847.2674065, -59.72098308470327, 0.63, NS
36, 23, 1190.856733, 531.6430361931258, 0.066, NS
28, 16, 878.4314566, -42.33494848458783, 0.665, NS
1, 26, 1006.587493, 195.2232681953726, 0.358, NS
25, 6, 1054.372108, 263.0684649792912, 0.236, NS
35, 7, 768.9936701, -230.03547010589818, 0.276, NS
19, 2, 1000.062683, 48.77891556468033, 0.603, NS
6, 26, 1205.095412, 421.5971141985389, 0.084, NS
21, 26, 830.5355653, -110.91560581765273, 0.499, NS
16, 23, 854.6992246, 12.070330131701517, 0.917, NS
16, 22, 858.1537921, -25.68884735188681, 0.765, NS
21, 32, 629.191032, -213.0758534749677, 0.255, NS
12, 5, 1417.285689, 1075.2976845015587, 0.002, HH
33, 5, 926.3019611, 55.89299931786708, 0.664, NS
6, 15, 1054.682315, -109.11057843394599, 0.43, NS
11, 34, 1082.598258, 312.44375186220225, 0.123, NS
19, 3, 1001.429894, 106.63417600739142, 0.458, NS
1, 28, 1149.611942, 71.4234060432723, 0.554, NS
16, 34, 1215.588576, 522.7156016195797, 0.075, NS
20, 26, 949.1978175, 36.37043771526412, 0.78, NS
26, 32, 923.7622325, 39.01763017051895, 0.697, NS
23, 13, 1065.075903, 306.50462546770564, 0.143, NS
26, 22, 872.1410698, -54.56509198292881, 0.623, NS
7, 32, 1220.165497, 601.1973868316646, 0.016, HH
5, 10, 1054.926645, 350.7520162778305, 0.169, NS
6, 20, 892.3680485, -0.5339672405560772, 0.992, NS
24, 4, 1219.712644, 340.7735761181243, 0.143, NS
12, 35, 1231.307277, 564.4538271494631, 0.031, HH
33, 15, 1237.076627, 912.9969722019189, 0.012, HH
5, 8, 1172.848062, 504.42290430303206, 0.116, NS
37, 18, 1090.03281, 222.9520141855553, 0.256, NS
2, 37, 1091.50251, 435.34808460581297, 0.116, NS
14, 28, 853.7237313, -29.607147127861058, 0.71, NS
23, 32, 953.3290663, 81.89435039160304, 0.559, NS
13, 28, 807.9383305, -32.53118310535804, 0.691, NS
2, 7, 1179.186679, 531.4798871903112, 0.057, NS
16, 33, 863.1169499, -90.7862130177666, 0.54, NS
7, 6, 1305.918949, -501.96812139417347, 0.061, NS
16, 15, 1163.74931, 414.0516066257251, 0.141, NS
20, 6, 1219.787068, -490.56156508114475, 0.084, NS
30, 16, 1179.884773, -13.916176601874776, 0.848, NS
14, 11, 945.2671216, -28.089077725326067, 0.751, NS
18, 16, 997.3337185, 19.464879285913696, 0.782, NS
23, 30, 940.7070158, 75.16661639284762, 0.613, NS
31, 22, 590.5059295, -389.9139516038776, 0.104, NS
23, 1, 1203.606733, 472.41668402967076, 0.059, NS
11, 36, 1243.229182, 830.9150037192206, 0.012, HH
15, 36, 1150.099762, 631.2446243545539, 0.041, HH
7, 11, 909.0359189, 0.0838705906762284, 0.996, NS
11, 6, 1385.867758, 321.11330596419134, 0.142, NS
6, 23, 783.3562707, -333.78151891077283, 0.173, NS
22, 20, 915.6757257, 10.769153370880147, 0.907, NS
13, 26, 659.4438017, -372.4115001493725, 0.126, NS
36, 5, 1072.611421, 366.92475275560366, 0.145, NS
9, 37, 977.1962846, 206.20383751594167, 0.196, NS
16, 37, 1097.3513, 279.0135176559222, 0.179, NS
27, 28, 995.353455, 107.2478293911061, 0.388, NS
12, 37, 905.2654906, -7.257728267502916, 0.901, NS
33, 31, 688.8312166, -400.16745062126625, 0.096, NS
7, 5, 1079.512325, 376.4327842331596, 0.126, NS
1, 32, 1445.53757, 1089.04378391314, 0.002, HH
25, 1, 1024.93519, 262.79399025834266, 0.197, NS
15, 28, 1129.317219, 413.95051503881047, 0.052, NS
35, 1, 933.9712959, 41.73585250493843, 0.695, NS
36, 10, 1159.620489, -560.4869858304446, 0.017, HH
1, 31, 1010.473413, 220.01155826882072, 0.259, NS
27, 12, 880.0356991, -34.22704817783832, 0.684, NS
22, 25, 1081.622398, 548.5589593393628, 0.092, NS
37, 5, 1410.616568, 1575.0554817155432, 0.002, HH
23, 37, 1159.912743, 413.85508598481977, 0.102, NS
21, 28, 714.9329917, -231.2599629023067, 0.205, NS
27, 9, 964.0163174, 33.210986990737425, 0.685, NS
21, 21, 582.4111947, 429.8428697006963, 0.126, NS
30, 23, 1217.956885, 663.166191724564, 0.034, HH
37, 21, 886.4849355, -26.232096295312523, 0.807, NS
10, 3, 925.7389994, -25.065213353654993, 0.775, NS
29, 28, 1037.145427, 95.14912159603783, 0.481, NS
27, 32, 738.7954547, -346.53004421617817, 0.085, NS
3, 4, 861.2111612, -74.60674267212707, 0.582, NS
33, 6, 728.0871771, -492.94433024434136, 0.086, NS
9, 13, 1055.24859, 419.8564797750361, 0.053, NS
37, 9, 805.0720478, -191.612045314271, 0.31, NS
36, 31, 913.9412218, 8.801458030242877, 0.905, NS
21, 7, 1280.759388, 656.8940974644526, 0.016, HH
5, 21, 1151.919507, 477.67025191061714, 0.115, NS
11, 1, 807.6219924, 108.39305327572602, 0.39, NS
31, 32, 928.3962295, 28.28224979788172, 0.758, NS
2, 32, 1099.321661, 325.6188124451139, 0.144, NS
22, 14, 962.9864334, 69.51997764253686, 0.608, NS
24, 17, 1204.626467, 534.2676393370059, 0.02, HH
30, 32, 1137.756903, 446.6478117303871, 0.061, NS
26, 12, 1050.785211, 223.94249309075266, 0.234, NS
6, 34, 905.8819181, -2.807961337088853, 0.969, NS
27, 18, 921.2690038, 6.100258409023825, 0.931, NS
35, 28, 849.3647874, -49.43399778392146, 0.657, NS
26, 27, 900.5654922, 2.533945350289602, 0.959, NS
24, 2, 788.9659801, -211.82172973479774, 0.207, NS
25, 8, 997.9900991, 145.97452149447196, 0.432, NS
27, 29, 1149.57503, 101.39693672932532, 0.417, NS
27, 7, 753.9602131, -164.90015764139932, 0.257, NS
6, 5, 909.1085842, 1.9104348316398605, 0.978, NS
20, 34, 775.9201818, -410.10387405500103, 0.127, NS
23, 3, 1206.470392, 338.4879953855817, 0.153, NS
24, 15, 742.3459711, -279.177212842589, 0.185, NS
7, 27, 1003.750553, -25.467612325004445, 0.783, NS
8, 33, 635.1849558, -689.8926425786206, 0.06, NS
15, 16, 850.1816351, -64.20184303858099, 0.519, NS
28, 3, 903.1471227, 4.3534340564623735, 0.941, NS
6, 13, 809.8135303, 10.279898021471, 0.857, NS
25, 33, 874.3365961, -42.83922675796599, 0.728, NS
8, 22, 1284.31858, -88.42346848921977, 0.539, NS
23, 29, 891.9609734, -22.345684688323704, 0.797, NS
4, 6, 1139.172622, -453.9196565373706, 0.116, NS
11, 27, 971.435611, 69.39815292342212, 0.557, NS
23, 34, 872.7060732, -48.056935514199495, 0.691, NS
15, 3, 966.6519299, 43.84566857805786, 0.691, NS
13, 23, 978.4266328, 183.28290600943632, 0.334, NS
26, 21, 635.9692133, 226.45545782888647, 0.252, NS
16, 17, 987.6554057, 145.2253451839598, 0.363, NS
22, 4, 1180.435635, 295.7539805370019, 0.203, NS
28, 11, 1362.677148, 22.96643761085108, 0.785, NS
34, 32, 1044.435777, 227.6799752163623, 0.194, NS
24, 35, 1108.776302, 123.80237080277034, 0.423, NS
6, 6, 637.9069293, -239.13230057037248, 0.218, NS
28, 27, 1124.834036, -197.22980782796256, 0.214, NS
16, 5, 825.2035086, -163.5441173151709, 0.413, NS
34, 7, 977.5739555, 143.4796808240004, 0.295, NS
16, 11, 1046.745792, 148.54348526502102, 0.352, NS
35, 2, 1151.142099, 102.62558465609723, 0.53, NS
3, 27, 765.4165698, 207.21465850725858, 0.256, NS
7, 31, 764.2808, -297.51911312684337, 0.12, NS
6, 28, 1046.783852, 183.66370076946976, 0.259, NS
16, 31, 919.4723913, 20.559786766853275, 0.808, NS
36, 19, 813.886792, -87.35391548030447, 0.501, NS
3, 26, 1234.042057, 444.48167906490977, 0.101, NS
21, 6, 1208.567244, 91.97266136532086, 0.548, NS
25, 15, 1240.293319, 866.7313144244558, 0.017, HH
25, 20, 904.3673204, -11.995899592564804, 0.893, NS
37, 14, 904.6811688, -3.850710962067081, 0.938, NS
25, 3, 783.5188276, -184.9382952740768, 0.362, NS
31, 25, 1315.589955, 612.9221259652612, 0.079, NS
21, 36, 800.7893203, -1.4825107683774188, 0.982, NS
14, 26, 1181.099051, 395.76037208146, 0.105, NS
27, 22, 1102.562113, 279.32259608258033, 0.132, NS
8, 32, 1080.096549, 425.8094386119194, 0.11, NS
10, 22, 1053.961186, -74.27416839018518, 0.514, NS
2, 24, 876.8347694, -86.16859734530424, 0.586, NS
26, 29, 905.8719925, 1.1864733958706963, 0.977, NS
30, 11, 1117.529631, -112.8533424947809, 0.38, NS
31, 21, 1232.728199, 457.422871588252, 0.117, NS
22, 28, 1254.897385, 349.29203289768583, 0.116, NS
26, 9, 987.6728985, -93.37321457557823, 0.494, NS
37, 10, 1582.374488, -98.74886881608774, 0.518, NS
27, 33, 1432.506165, 1013.6442410900418, 0.004, HH
29, 36, 1031.953817, 285.80563130739114, 0.25, NS
20, 36, 757.3889861, -140.4381271190278, 0.449, NS
32, 31, 958.4128229, 126.44999280518834, 0.325, NS
2, 34, 671.6624535, -456.64188987885586, 0.122, NS
22, 6, 1259.453188, 775.2036670379186, 0.015, HH
15, 30, 1048.045483, -125.65677979779093, 0.449, NS
25, 18, 772.6242486, -335.5310785532877, 0.127, NS
31, 19, 845.4723732, -93.67739113791885, 0.545, NS
37, 30, 1091.17081, -133.2985662271588, 0.515, NS
33, 10, 1563.508707, 1638.696212651393, 0.0, HH
16, 32, 1026.637416, 292.3994477409415, 0.164, NS
10, 19, 883.7669843, -45.9438033190178, 0.634, NS
26, 3, 1389.369572, -240.22225630303905, 0.286, NS
3, 31, 1115.124807, 435.25179204308205, 0.066, NS
34, 6, 972.6474748, -38.265320840099356, 0.697, NS
13, 19, 689.9770724, -464.41804655689026, 0.073, NS
13, 3, 1367.636719, -500.34987368640185, 0.054, NS
36, 27, 762.7570833, -222.12904051116183, 0.182, NS
35, 17, 1082.663185, 471.46957668750525, 0.092, NS
36, 20, 1190.808945, -342.1069216174766, 0.115, NS
21, 8, 828.5634251, 71.85665612298257, 0.606, NS
27, 23, 1192.312954, 619.2978692785595, 0.06, NS
15, 25, 1130.826405, 543.9413688975815, 0.06, NS
10, 35, 1285.423506, 904.443978940726, 0.013, HH
5, 5, 859.2086954, -50.993208936803256, 0.743, NS
24, 8, 1163.643393, 410.31555908384115, 0.104, NS
6, 16, 877.7894336, -61.735103252244144, 0.546, NS
36, 37, 678.700927, 346.77330293419845, 0.082, NS
1, 11, 982.5935661, -58.837648088390196, 0.587, NS
33, 16, 1163.444407, 390.2877593119802, 0.089, NS
37, 15, 770.7342382, -1.484908903683852, 0.974, NS
6, 2, 992.3883975, -10.261874097315133, 0.868, NS
34, 3, 1046.866325, 0.8379360362616166, 0.985, NS
11, 21, 1198.177873, 37.694914310633884, 0.687, NS
16, 36, 1054.062679, 470.26373455600896, 0.125, NS
27, 27, 894.3517385, -9.853433998652028, 0.858, NS
18, 32, 1047.562342, 227.91335707143372, 0.175, NS
3, 28, 1246.572799, -35.97864741768669, 0.731, NS
5, 18, 1227.705907, 591.4613878818623, 0.041, HH
36, 28, 1041.54232, 217.61049872841963, 0.168, NS
19, 30, 1099.279808, -101.59653191114674, 0.466, NS
22, 8, 1193.340437, 474.009428043335, 0.097, NS
8, 34, 939.3609163, 75.47012051325373, 0.605, NS
15, 9, 1493.938771, 93.95552048405776, 0.431, NS
31, 14, 712.2682624, -401.005317855235, 0.1, NS
33, 4, 1061.721224, 271.69797878034564, 0.22, NS
21, 35, 1145.386371, 285.2720733269058, 0.229, NS
26, 15, 700.2446949, 373.69210005446223, 0.158, NS
33, 14, 820.6067837, -190.4561581320584, 0.303, NS
27, 8, 1055.523939, 40.66560805911243, 0.684, NS
25, 10, 1034.991567, 328.0147963414913, 0.147, NS
15, 29, 1190.726235, 118.47358650838794, 0.391, NS
36, 32, 1220.14747, 339.94651289188295, 0.084, NS
8, 25, 1033.665955, 214.4275548815252, 0.375, NS
9, 1, 995.4857297, 134.88748186142178, 0.328, NS
22, 13, 1047.521647, 177.85877280540734, 0.314, NS
33, 20, 1058.458303, 174.11107336658173, 0.361, NS
33, 29, 837.8610921, -247.04713339835442, 0.211, NS
20, 25, 902.0861255, -6.690467808117194, 0.933, NS
23, 26, 543.4340208, -149.25522089014635, 0.395, NS
7, 4, 1166.524632, 514.1665952787324, 0.056, NS
35, 32, 785.1822713, -341.307033901419, 0.146, NS
15, 7, 1179.157873, 499.13827674533206, 0.031, HH
14, 16, 1043.631851, 32.300012768263095, 0.686, NS
21, 4, 1516.381809, 883.631777455483, 0.014, HH
1, 19, 1036.656468, 214.00822098945676, 0.287, NS
2, 3, 1068.851966, 123.0952235420983, 0.486, NS
19, 21, 795.9559033, -68.84657249679572, 0.557, NS
11, 4, 1108.34325, 339.971293666117, 0.124, NS
27, 31, 836.6145329, -133.34771773680387, 0.348, NS
4, 3, 813.5992747, 249.2206098495668, 0.277, NS
13, 7, 567.0225759, -716.1991431956648, 0.006, LH
20, 32, 1049.997389, 214.14620775115762, 0.232, NS
34, 34, 1290.702553, 819.2270009788582, 0.01, HH
30, 26, 906.8522138, -1.2687178588016361, 0.981, NS
35, 9, 1263.283218, 871.8045880847677, 0.01, HH
33, 11, 968.9615635, 144.16201818030586, 0.353, NS
35, 8, 615.9213533, -940.285177079045, 0.023, LH
19, 34, 962.1874913, 105.73242207697034, 0.437, NS
8, 36, 1205.227842, 764.1753180009811, 0.06, NS
20, 22, 533.6431391, 224.66002527103947, 0.247, NS
28, 33, 871.7544033, -96.75644072918077, 0.485, NS
10, 27, 984.1871861, -115.02297687018621, 0.377, NS
8, 35, 727.9791435, -569.5755163273253, 0.086, NS
9, 12, 1322.647003, 930.1801792732529, 0.002, HH
12, 20, 985.7693826, 165.64274284161968, 0.319, NS
17, 26, 1061.144657, 81.35362219383494, 0.532, NS
13, 12, 1185.393903, -90.55832008198786, 0.452, NS