O, D, V, GearyC, p-value, pattern
18, 29, 509.862953, 8388693.185729662, 0.325, NS
32, 9, 510.2795344, 7646355.987734085, 0.34, NS
10, 9, 502.0566553, 3890255.0737631693, 0.761, NS
3, 18, 497.8527057, 798.0496009274674, 1.0, similar
14, 18, 497.8675657, 1543.9177095388097, 1.0, similar
32, 1, 502.6883595, 3360185.097735717, 0.874, NS
7, 10, 502.1935323, 4796414.325070069, 0.585, NS
17, 13, 503.0305898, 3984782.2131393123, 0.726, NS
34, 14, 493.5922137, 7051137.017960016, 0.376, NS
32, 24, 494.7330371, 2514050.891535771, 0.638, NS
32, 37, 500.461671, 5184812.370923942, 0.494, NS
14, 37, 504.3007008, 2121.1495313153723, 1.0, similar
4, 10, 492.8067166, 2416.4546017980797, 1.0, similar
7, 2, 497.642196, 9275625.824688388, 0.287, NS
30, 20, 497.804498, 526.6096697699186, 1.0, similar
20, 21, 504.545179, 2591550.8613291113, 0.494, NS
28, 10, 497.2655476, 3788201.286033941, 0.762, NS
20, 20, 494.9313573, 1663254.8684867811, 0.859, NS
32, 21, 499.4766589, 4260006.638742279, 0.42, NS
7, 20, 499.3831047, 4976543.229943307, 0.4, NS
7, 21, 498.4986973, 6624420.950408158, 0.266, NS
7, 9, 504.7609707, 7508795.535441232, 0.345, NS
29, 37, 503.251131, 1917567.5399979402, 0.965, similar
13, 20, 492.7667862, 1774.6263094025358, 1.0, similar
4, 2, 503.8920059, 2137769.2081752596, 0.74, NS
29, 14, 498.490613, 1909736.2459133966, 0.975, similar
8, 9, 500.4713394, 2550110.0334020006, 0.64, NS
17, 37, 496.3842368, 1990.4015690647773, 1.0, similar
29, 1, 498.6429888, 1968863.0341570706, 0.966, similar
28, 13, 491.561087, 7045165.611033859, 0.356, NS
13, 24, 497.7202071, 615.5443618398386, 1.0, similar
13, 29, 501.8571814, 5783847.710524897, 0.476, NS
29, 18, 498.4926555, 956138.7416776889, 1.0, similar
4, 37, 502.2033814, 1190.471207751079, 1.0, similar
8, 21, 501.8591825, 1296594.1002659122, 0.846, NS
3, 9, 493.1235935, 2835241.190394408, 0.769, NS
3, 30, 502.2024834, 454.75406117239913, 1.0, similar
10, 10, 500.9922515, 1062.8004475150606, 1.0, similar
17, 1, 499.8526132, 1154.8667875599328, 1.0, similar
13, 14, 496.2005079, 2011.6366775216443, 1.0, similar
1, 8, 499.4071503, 1741969.007600026, 0.832, NS
28, 21, 495.5140277, 4766885.27421909, 0.405, NS
20, 14, 496.9702656, 1925069.3248351582, 0.964, similar
13, 15, 500.9570422, 804.2441552234411, 1.0, similar
20, 29, 503.0793019, 5093790.456423415, 0.359, NS
28, 15, 501.9450432, 2461444.8711228934, 0.844, NS
3, 15, 501.1309213, 782.5531414971089, 1.0, similar
32, 30, 504.2956249, 1977854.8090314846, 0.813, NS
1, 18, 498.4995697, 616.3559949777537, 1.0, similar
32, 10, 493.6895257, 3803215.357503147, 0.751, NS
32, 18, 503.1908551, 4217870.171790329, 0.666, NS
29, 8, 497.4363044, 2431251.530069457, 0.602, NS
17, 24, 491.7906429, 2040.4449683841992, 1.0, similar
14, 14, 504.1939116, 2183.210242506962, 1.0, similar
4, 17, 500.1531871, 4218554.692612968, 0.329, NS
28, 17, 494.923258, 9183929.218091449, 0.282, NS
8, 18, 498.1984773, 442.7323938089752, 1.0, similar
10, 17, 498.3963235, 6374260.631235429, 0.393, NS
1, 37, 498.3083324, 1218.8220872584945, 1.0, similar
10, 20, 499.2534264, 471.9229736884985, 1.0, similar
7, 17, 505.9968753, 9319936.408007994, 0.296, NS
34, 29, 496.1309104, 9913374.186851425, 0.25, NS
8, 20, 500.5842958, 507.95896614912476, 1.0, similar
28, 29, 491.1785335, 9211371.729125414, 0.257, NS
10, 14, 506.8010859, 3532.0788989595926, 1.0, similar
1, 9, 501.3194192, 3347159.861601011, 0.606, NS
18, 20, 494.363416, 3319845.1387619046, 0.585, NS
18, 9, 498.6753871, 7533649.472913203, 0.356, NS
7, 29, 505.2939934, 9384231.570361154, 0.279, NS
13, 13, 495.1683751, 3744968.6567393797, 0.796, NS
8, 24, 493.1673826, 339.75435262882945, 1.0, similar
14, 10, 501.6873117, 1186.157304857781, 1.0, similar
30, 29, 489.3857077, 8078368.682171889, 0.348, NS
20, 15, 495.7526741, 777291.9972762167, 0.999, similar
18, 8, 510.9089161, 3821465.397180186, 0.49, NS
17, 14, 496.8266057, 1660.823304334317, 1.0, similar
17, 2, 496.5575277, 4869304.196408561, 0.569, NS
8, 17, 497.1102826, 3768355.0864440603, 0.407, NS
3, 29, 489.7173312, 3492007.7270942642, 0.556, NS
10, 18, 493.951333, 2336.0395732591396, 1.0, similar
8, 37, 503.7991679, 874.2287882879373, 1.0, similar
13, 21, 507.7113494, 2564084.496817209, 0.807, NS
10, 21, 501.8529336, 2063462.524514821, 0.942, NS
18, 14, 506.9007251, 3964778.4454066735, 0.736, NS
28, 20, 493.6421904, 3238703.175723528, 0.617, NS
17, 18, 506.7685321, 4366.2354359958435, 1.0, similar
7, 30, 505.0482497, 2646719.968538864, 0.601, NS
8, 29, 498.5534778, 4774859.2979457555, 0.296, NS
34, 1, 504.118781, 5382771.79687957, 0.525, NS
34, 13, 499.8224022, 7439919.632138565, 0.339, NS
3, 20, 496.7095934, 553.4704003325279, 1.0, similar
29, 24, 492.4042097, 730153.3764874463, 0.996, similar
13, 17, 495.025505, 7740374.386298438, 0.332, NS
10, 37, 496.6721585, 1692.6632899555323, 1.0, similar
8, 8, 487.6214387, 1016426.644951103, 0.959, similar
30, 1, 504.3947677, 2526.7337135245275, 1.0, similar
29, 9, 502.9043184, 4501444.918919987, 0.41, NS
32, 13, 496.8759097, 6359987.276714701, 0.421, NS
34, 20, 499.5898923, 4818854.092736606, 0.38, NS
8, 1, 498.7617128, 372.48455403002305, 1.0, similar
14, 2, 498.330729, 5883758.012478859, 0.453, NS
28, 24, 503.4934272, 2571076.7215940417, 0.615, NS
17, 8, 502.8125963, 2496705.1382031897, 0.839, NS
3, 8, 499.2605834, 1483675.3521250875, 0.921, NS
4, 18, 494.1858899, 1181.2372944747635, 1.0, similar
30, 15, 506.9141469, 2700.1542511678495, 1.0, similar
32, 15, 502.298308, 3118408.111030654, 0.636, NS
4, 24, 502.4423075, 681.3680710709784, 1.0, similar
20, 1, 502.706761, 1840562.2916726177, 0.985, similar
34, 24, 503.4623911, 3821327.0202141413, 0.41, NS
1, 15, 500.5102384, 593.9904936312291, 1.0, similar
3, 2, 492.0403689, 3835346.455298706, 0.509, NS
29, 15, 500.2317486, 1173291.5103714513, 0.977, similar
17, 9, 504.306209, 3986290.59062854, 0.733, NS
1, 1, 504.1475456, 1761.4301210150709, 1.0, similar
34, 18, 505.4443478, 6741458.102125265, 0.404, NS
20, 37, 500.5384099, 1502373.8845133814, 0.996, similar
18, 21, 494.2154585, 5114116.686108434, 0.386, NS
3, 13, 507.4788077, 2056848.462052225, 0.947, NS
28, 1, 509.622233, 4416279.754998226, 0.617, NS
20, 18, 496.8343186, 1784399.145315676, 0.987, similar
32, 2, 504.7380863, 8215386.163172469, 0.304, NS
14, 8, 490.3725328, 1510091.8774122456, 0.994, similar
4, 9, 502.1441805, 2528071.22938416, 0.67, NS
14, 9, 495.3301652, 3527728.042228996, 0.855, NS
18, 2, 500.3402847, 7805575.008189268, 0.322, NS
8, 30, 502.2907679, 507.2902210778316, 1.0, similar
3, 21, 493.7909246, 2135667.84163164, 0.648, NS
28, 14, 500.7732506, 4783005.465385468, 0.555, NS
34, 21, 511.7099902, 5995732.522346985, 0.28, NS
32, 17, 499.339625, 9887055.578991221, 0.233, NS
4, 30, 497.1817362, 569.1398827364607, 1.0, similar
18, 24, 500.5272598, 2772828.3941143714, 0.565, NS
32, 8, 506.5768103, 5307975.664267179, 0.352, NS
4, 13, 499.6950396, 1697507.7393543306, 0.918, NS
1, 20, 491.6893274, 1296.0914466418956, 1.0, similar
10, 29, 503.6369313, 6130052.678267735, 0.429, NS
14, 30, 495.5412767, 1642.4448542549894, 1.0, similar
20, 8, 507.4745973, 2297038.2794968886, 0.61, NS
4, 29, 491.5256788, 2872553.83694195, 0.562, NS
10, 2, 495.9437496, 4270001.013778079, 0.647, NS
34, 30, 509.7865642, 3069115.044363121, 0.468, NS
4, 21, 501.1355956, 849119.9605814967, 0.982, similar
32, 14, 496.9342449, 4121671.015912594, 0.687, NS
30, 21, 495.6533941, 2434279.6693141884, 0.839, NS
18, 30, 504.6888585, 1020899.9634257634, 0.999, similar
1, 21, 500.4492139, 2138251.759519149, 0.641, NS
3, 17, 508.3830153, 5129364.195670542, 0.37, NS
34, 9, 502.1871909, 9300202.500754366, 0.266, NS
34, 15, 500.0769136, 4963716.273135077, 0.382, NS
29, 13, 506.6050044, 5042460.829915407, 0.378, NS
7, 14, 498.6535288, 6181342.19661886, 0.414, NS
30, 2, 497.2990134, 4489325.500910863, 0.598, NS
10, 15, 496.0454152, 1065.8059044665492, 1.0, similar
20, 30, 486.6404924, 418350.23638845386, 1.0, similar
8, 14, 490.8562523, 2323.6673495629598, 1.0, similar
3, 37, 517.2709242, 12903.537127686326, 1.0, similar
17, 29, 491.3073555, 5274728.361199213, 0.501, NS
34, 8, 504.7887512, 6010033.363317262, 0.29, NS
14, 13, 496.1991287, 3938167.8540693144, 0.75, NS
18, 15, 501.0165807, 2090605.275987548, 0.939, NS
20, 10, 500.9962697, 1179843.7550798394, 0.999, similar
14, 29, 496.6776632, 6555969.239736497, 0.424, NS
29, 21, 491.5453445, 2093600.9132013563, 0.677, NS
18, 18, 504.0175409, 3908050.2102887495, 0.751, NS
14, 24, 493.9669387, 1624.1374908943708, 1.0, similar
7, 37, 506.6833538, 5267755.066533889, 0.497, NS
13, 8, 509.9404403, 1640444.8250572863, 0.994, similar
34, 37, 506.7201657, 7032687.013497131, 0.374, NS
30, 17, 493.866123, 5994408.402560311, 0.424, NS
3, 14, 503.7830118, 2027.1922034651614, 1.0, similar
20, 17, 494.5974208, 4928653.342308274, 0.368, NS
29, 20, 498.3163484, 778860.7728532921, 1.0, similar
28, 2, 494.2398608, 7633181.352573231, 0.326, NS
18, 1, 494.7058948, 3766587.399244182, 0.786, NS
14, 21, 499.2171387, 2771810.3945095795, 0.752, NS
28, 8, 502.8304272, 3364255.5935279154, 0.583, NS
8, 13, 499.2848907, 2330063.7002409254, 0.679, NS
10, 30, 500.2356392, 604.5809554952074, 1.0, similar
30, 8, 497.4096151, 1587584.1600037524, 0.995, similar
13, 30, 502.7177385, 708.1451246390052, 1.0, similar
30, 9, 502.6271817, 3844019.88053605, 0.756, NS
34, 2, 504.1738739, 9323211.2337166, 0.3, NS
28, 9, 494.8406737, 6529783.544004246, 0.387, NS
3, 10, 509.9599975, 4351.8368915822575, 1.0, similar
7, 8, 499.8906585, 4421624.362159675, 0.406, NS
30, 37, 494.5336682, 2379.344900518842, 1.0, similar
30, 18, 496.7614518, 1270.8797080543586, 1.0, similar
29, 29, 500.0615471, 6562086.610177492, 0.278, NS
34, 10, 499.9030271, 5547360.769055392, 0.455, NS
13, 10, 493.0906869, 3723.9840281030406, 1.0, similar
7, 1, 504.1717093, 6343719.6646285895, 0.426, NS
8, 10, 495.6800137, 891.8911421355887, 1.0, similar
1, 29, 506.8429684, 4920952.059294734, 0.425, NS
4, 20, 501.3635532, 641.5049797349072, 1.0, similar
7, 24, 502.0931619, 4143330.114937499, 0.367, NS
20, 2, 499.1232532, 4026995.856865015, 0.441, NS
4, 15, 502.3733742, 953.9202594513752, 1.0, similar
32, 29, 498.1004241, 8588917.218772087, 0.267, NS
3, 24, 501.1403465, 768.9328881921513, 1.0, similar
1, 14, 501.5182548, 1208.7026494453535, 1.0, similar
8, 2, 505.2550071, 2604061.6008040616, 0.603, NS
32, 20, 496.121361, 2605338.5469734594, 0.798, NS
1, 17, 499.8659633, 5180256.558151639, 0.354, NS
30, 14, 500.2648766, 1088.6142232674079, 1.0, similar
28, 37, 496.3693771, 3660257.6333596874, 0.798, NS
20, 9, 498.1734489, 4386929.949000392, 0.446, NS
7, 18, 499.5848303, 6711163.269733183, 0.383, NS
30, 10, 496.101454, 1570.3388861444973, 1.0, similar
13, 9, 495.14047, 3784950.0535254497, 0.791, NS
20, 24, 505.4864105, 1398703.3891695254, 0.801, NS
18, 10, 504.6714646, 2365091.0268351836, 0.998, similar
4, 8, 496.4520072, 1475550.5558683644, 0.774, NS
4, 1, 495.8182441, 1303.3489200952695, 1.0, similar
17, 17, 499.6538976, 7423360.199492534, 0.363, NS
1, 13, 500.4768851, 2807714.000241632, 0.736, NS
1, 2, 499.6066358, 3951505.924922047, 0.497, NS
13, 2, 498.2459314, 5391690.227580909, 0.489, NS
13, 18, 496.1502091, 1428.3138542323827, 1.0, similar
13, 37, 494.6069268, 2903.965471516346, 1.0, similar
10, 13, 496.0442723, 4221594.421393603, 0.67, NS
29, 2, 494.0285693, 4135471.892902603, 0.465, NS
10, 24, 498.1610462, 353.49049006045993, 1.0, similar
29, 17, 500.9087444, 6059575.768541346, 0.316, NS
29, 30, 501.8768491, 1082829.7396452525, 0.942, NS
3, 1, 495.4525457, 1473.7015426992443, 1.0, similar
17, 30, 501.367814, 911.7000293934341, 1.0, similar
17, 20, 487.1914431, 5362.547535336245, 1.0, similar
10, 8, 503.9201727, 1902646.5407253883, 0.976, similar
18, 37, 506.6551745, 3687641.602425701, 0.8, NS
10, 1, 513.0866272, 10440.010861070365, 1.0, similar
28, 30, 507.6472, 1952796.562314319, 0.823, NS
30, 13, 501.3224167, 4385553.582618922, 0.643, NS
29, 10, 505.6343187, 2069745.4653342306, 0.948, NS
18, 13, 500.8569909, 6191624.175896481, 0.442, NS
14, 17, 501.2988941, 6848860.4295532135, 0.361, NS
1, 24, 494.1248724, 483.41260162565993, 1.0, similar
8, 15, 496.638484, 458.4313546528054, 1.0, similar
14, 1, 497.2077898, 1331.0629991816913, 1.0, similar
34, 17, 495.9817757, 9088194.1085579, 0.292, NS
4, 14, 492.6902274, 2148.851708413131, 1.0, similar
18, 17, 499.7509256, 7699437.676708658, 0.35, NS
14, 15, 497.7429344, 880.5491951014993, 1.0, similar
28, 18, 499.1117125, 3797359.858262715, 0.792, NS
1, 30, 494.9390404, 1071.2170247678312, 1.0, similar
30, 24, 492.366455, 1065.055868317371, 1.0, similar
30, 30, 504.4995663, 1164.418921736131, 1.0, similar
17, 21, 506.1223702, 2466205.915466071, 0.851, NS
13, 1, 493.2936669, 3222.134615152298, 1.0, similar
1, 10, 497.4561568, 1329.4644804544748, 1.0, similar
7, 15, 499.168716, 3733689.7810587767, 0.501, NS
17, 10, 499.665335, 1604.551008772492, 1.0, similar
7, 13, 500.1311622, 7466371.708439073, 0.332, NS
17, 15, 502.1869488, 1297.562126680792, 1.0, similar
20, 13, 500.8953649, 3483755.3055091463, 0.536, NS
14, 20, 502.2665813, 1154.5941456307457, 1.0, similar
34, 26, 1076.605089, 1204354.1284178218, 1.0, similar
30, 33, 1171.023452, 2702901.7631168757, 0.802, NS
30, 34, 1163.190491, 1781861.577608556, 0.985, similar
25, 14, 1234.94506, 2283797.143493661, 0.899, NS
1, 25, 1146.087541, 979125.0511070167, 0.96, similar
2, 4, 797.9665666, 1813151.1190656892, 0.597, NS
22, 35, 876.0076479, 1174439.2142868116, 0.984, similar
12, 29, 1078.112573, 2689577.9714319897, 0.976, similar
30, 5, 887.1731505, 1138970.263532204, 0.996, similar
25, 9, 774.1235597, 3573743.1462118803, 0.557, NS
30, 22, 1126.077523, 6845904.129271131, 0.385, NS
29, 33, 1359.041133, 3751758.065084421, 0.368, NS
3, 33, 925.5576207, 1479241.0731529589, 0.927, NS
4, 33, 1049.278831, 761549.2658918155, 0.988, similar
32, 6, 767.0553331, 3248603.3963121967, 0.63, NS
36, 8, 934.2228389, 3434283.5844394118, 0.51, NS
14, 6, 1165.17425, 8149745.223775278, 0.14, NS
37, 25, 1199.015973, 759136.1223365363, 0.956, similar
4, 32, 1157.702772, 1481842.2288078428, 0.97, similar
35, 30, 1077.147147, 753130.6005508507, 0.946, NS
11, 18, 794.2234918, 4897452.272868697, 0.565, NS
18, 12, 1285.733786, 10331701.757762361, 0.245, NS
17, 32, 1071.499816, 2868037.78808242, 0.98, similar
5, 20, 1013.592702, 1237750.3226173704, 0.874, NS
16, 9, 1172.683425, 3278567.3235392757, 0.568, NS
22, 36, 1176.248076, 1218700.3856146599, 0.865, NS
16, 12, 1149.764755, 1899395.0259961039, 0.97, similar
9, 33, 822.3561855, 2386451.0455852523, 0.845, NS
23, 20, 1102.906806, 1521271.0286422654, 0.912, NS
28, 4, 1076.685933, 915311.3737527383, 1.0, similar
22, 7, 1124.624668, 2342991.6982066217, 0.89, NS
16, 2, 1182.501069, 2958164.487588799, 0.691, NS
2, 33, 1156.285638, 1054011.2699928524, 0.957, similar
12, 8, 986.3183258, 2377502.4728944404, 0.871, NS
23, 31, 996.0934382, 1287815.836975343, 1.0, similar
27, 17, 932.024201, 2916667.2278073844, 0.961, similar
15, 35, 1086.465317, 1728302.400535338, 0.984, similar
35, 22, 1080.169936, 1274194.4475641006, 0.989, similar
3, 32, 1104.553884, 1721204.5535263119, 0.992, similar
27, 35, 1164.383181, 2148986.452644137, 0.93, NS
9, 17, 859.6591264, 3733724.2604333484, 0.795, NS
26, 4, 1100.501257, 944751.1396149683, 0.994, similar
17, 27, 1082.974361, 6824069.258142927, 0.391, NS
4, 28, 584.4212667, 5119626.79482142, 0.261, NS
8, 26, 937.0536969, 786213.8986628365, 0.987, similar
19, 20, 1259.939835, 5830434.687360149, 0.309, NS
2, 2, 725.762395, 3351394.081838397, 0.455, NS
19, 32, 1405.248814, 8692750.124411285, 0.289, NS
16, 8, 1069.052001, 1868372.9638476912, 0.788, NS
19, 8, 1002.530685, 3084408.8574302346, 0.623, NS
27, 30, 1064.760401, 2461232.960679856, 0.65, NS
23, 18, 1237.49804, 4019520.661258371, 0.48, NS
34, 28, 1207.057143, 5080390.637585104, 0.539, NS
27, 10, 481.6758641, 11714547.09195693, 0.119, NS
26, 11, 903.3232965, 2019912.7660682902, 0.947, NS
11, 5, 1011.817327, 991137.5866256459, 0.997, similar
13, 35, 1378.860296, 5100236.846866872, 0.345, NS
9, 21, 1122.824408, 1920464.5188496846, 0.974, similar
23, 25, 774.7339878, 1296987.0188722645, 0.855, NS
32, 36, 1056.451, 1554679.7745742786, 0.938, NS
14, 4, 948.0707723, 1847220.3290274204, 0.975, similar
9, 10, 944.6584668, 3045159.3683389737, 0.952, similar
28, 26, 781.6817579, 2332827.9071252295, 0.901, NS
10, 36, 937.4327343, 1891703.4461246678, 0.869, NS
34, 4, 1319.96866, 4730171.034785639, 0.396, NS
14, 25, 804.9945072, 1412687.6455283808, 0.975, similar
15, 24, 1250.188262, 6232763.013976804, 0.164, NS
37, 31, 968.9715507, 839997.9609751265, 1.0, similar
23, 14, 882.3077828, 2574841.277299707, 0.804, NS
26, 16, 1511.495654, 10669728.347175498, 0.027, dissimilar
21, 22, 1106.779885, 3230500.413577699, 0.651, NS
9, 7, 1242.84611, 5130413.134973787, 0.523, NS
23, 35, 1094.683449, 1398627.5420430156, 0.951, similar
8, 16, 821.6994351, 2517327.8193573724, 0.662, NS
1, 34, 1203.995444, 2131964.9115582374, 0.669, NS
17, 3, 1106.865985, 6207817.705101667, 0.296, NS
6, 21, 809.7034406, 3770064.761631589, 0.508, NS
19, 4, 1021.039011, 1427495.9098861516, 0.998, similar
9, 15, 852.9256148, 2858420.9808801906, 0.712, NS
12, 36, 1297.784958, 3454785.616828624, 0.44, NS
19, 11, 955.1516429, 1854069.701106331, 1.0, similar
29, 35, 1131.957011, 710998.8796556741, 0.999, similar
21, 1, 840.6672835, 2785094.074999955, 0.752, NS
32, 19, 1051.140303, 1517661.8731728937, 0.998, similar
35, 35, 952.9103368, 1046741.901402513, 0.943, NS
23, 8, 1056.421092, 1054703.0628409835, 0.996, similar
20, 11, 1214.280689, 6854966.95394431, 0.243, NS
12, 22, 1020.055444, 1631858.7617011948, 1.0, similar
9, 22, 906.8931224, 1612586.5648701743, 1.0, similar
15, 19, 1085.108398, 1961722.4543082213, 0.967, similar
11, 14, 847.9829771, 4241692.283800992, 0.666, NS
26, 17, 1242.549797, 7215301.685988636, 0.222, NS
20, 35, 976.6659522, 987157.5718263083, 0.996, similar
29, 19, 948.9864335, 1166947.1191599392, 0.985, similar
12, 11, 933.8535432, 2471617.0113592283, 0.986, similar
15, 31, 1029.564553, 2274493.096808058, 1.0, similar
5, 36, 822.5908708, 929778.9811578077, 0.863, NS
35, 29, 1106.497813, 1405386.7582617544, 0.967, similar
4, 22, 865.6555879, 2406818.7215929334, 0.675, NS
21, 29, 1075.125273, 3592996.53172028, 0.53, NS
5, 31, 603.0576946, 5381088.625003838, 0.246, NS
32, 34, 1243.11971, 1686753.89600974, 0.987, similar
30, 4, 960.9093225, 1258643.6319827556, 0.999, similar
35, 24, 925.0362489, 518897.29501149344, 0.99, similar
34, 16, 696.6500747, 5657560.629152664, 0.491, NS
15, 6, 1139.452617, 3700570.116793004, 0.489, NS
35, 15, 851.6513388, 1571838.2292234553, 0.74, NS
12, 27, 1064.465439, 2321319.666006432, 0.997, similar
28, 23, 1062.277975, 687107.4532407122, 1.0, similar
6, 37, 904.7510398, 3853907.937914488, 0.744, NS
30, 28, 845.0672828, 3588062.681057211, 0.827, NS
12, 19, 894.2677293, 1219443.8158790981, 1.0, similar
14, 33, 447.3292476, 10359092.627403192, 0.038, dissimilar
31, 8, 802.5048604, 2441223.7100007045, 0.599, NS
37, 17, 1035.30397, 869803.9313648368, 1.0, similar
23, 7, 1165.843355, 3093115.1536443266, 0.65, NS
34, 22, 1444.066894, 17328929.356426697, 0.018, dissimilar
13, 4, 1001.124587, 1363169.995549843, 1.0, similar
10, 4, 997.68142, 1129490.467596265, 1.0, similar
37, 22, 1007.494471, 1116871.7487211346, 0.991, similar
12, 9, 1300.135709, 6023438.308332678, 0.426, NS
25, 26, 980.3618232, 1227772.6869432898, 0.97, similar
33, 25, 1150.247482, 1058504.4442053083, 0.948, NS
31, 5, 1150.709524, 1048614.6923847774, 0.927, NS
34, 27, 1298.973862, 9984476.285212575, 0.24, NS
1, 12, 608.8993937, 5829572.716792589, 0.318, NS
3, 7, 1067.988302, 1864282.8188010966, 0.976, similar
7, 16, 1288.473102, 7546070.471013472, 0.327, NS
19, 17, 894.8446313, 2844138.748576628, 0.972, similar
13, 36, 1127.220453, 2362442.0616027103, 0.721, NS
36, 15, 607.0596702, 4491448.846489051, 0.417, NS
2, 36, 778.4137274, 1332804.2294215756, 0.655, NS
5, 11, 1260.793951, 3987213.2069022874, 0.385, NS
5, 26, 1022.958387, 943515.0297574234, 0.967, similar
4, 26, 766.5735146, 1756653.162357409, 0.598, NS
1, 6, 930.2858858, 2503196.0967779877, 0.559, NS
22, 9, 800.0478334, 3803246.442401442, 0.5, NS
8, 3, 987.7484923, 2387638.473895146, 0.441, NS
28, 32, 826.6948413, 4226466.962898176, 0.672, NS
11, 24, 829.292674, 2748263.972839624, 0.577, NS
36, 17, 718.7864001, 4017054.92516538, 0.735, NS
21, 12, 735.8023907, 2926014.7624713196, 0.684, NS
33, 37, 953.9456308, 2549704.8248000243, 0.833, NS
32, 22, 932.8545814, 3407239.1397818234, 0.884, NS
5, 14, 1261.495109, 2325955.1879886338, 0.692, NS
21, 25, 1040.665952, 614942.513839617, 0.994, similar
12, 21, 1153.511126, 1958510.8752652993, 0.966, similar
37, 27, 1152.185937, 1285362.7939014805, 0.991, similar
8, 4, 796.0553281, 1276448.1827208982, 0.866, NS
33, 17, 992.4051319, 1376491.4405629828, 0.999, similar
29, 25, 749.6140073, 1182931.5835490252, 0.914, NS
26, 33, 792.5458215, 3106594.1923774662, 0.446, NS
16, 16, 1004.933735, 1489216.4366228478, 0.999, similar
31, 34, 1159.101988, 2253934.0889439983, 0.634, NS
30, 19, 825.4739723, 2200067.8014193256, 0.914, NS
9, 19, 972.5387347, 1118918.3396733361, 1.0, similar
5, 25, 1133.356619, 925699.6514667945, 0.871, NS
26, 5, 1128.246533, 772283.7956707433, 0.986, similar
17, 7, 1060.250842, 2624407.7911951356, 0.989, similar
9, 26, 936.0004269, 1269788.8824882363, 0.998, similar
31, 33, 1195.368113, 1426331.5549547637, 0.942, NS
10, 31, 1024.286403, 1753975.2351168636, 1.0, similar
36, 18, 1305.479931, 13877631.41442336, 0.047, dissimilar
8, 5, 960.9368103, 456996.33067386464, 0.997, similar
24, 5, 755.7016729, 2999444.8795005623, 0.52, NS
34, 35, 1085.459377, 1574751.9882828346, 0.99, similar
25, 31, 825.0555747, 1814898.006106637, 0.982, similar
31, 10, 876.2311175, 2749272.9692978654, 0.746, NS
5, 22, 1003.01531, 1476836.9701929933, 0.974, similar
23, 23, 845.1598566, 1101157.1058792488, 0.929, NS
12, 10, 870.1620213, 3864022.4583941135, 0.764, NS
33, 1, 1011.748351, 1701325.9626143838, 0.995, similar
20, 3, 983.8466531, 2835826.082659153, 0.482, NS
2, 23, 1250.40571, 1887136.42169538, 0.464, NS
9, 34, 732.0771565, 4132213.389638304, 0.497, NS
25, 28, 765.941417, 3009234.883059905, 0.654, NS
25, 17, 1147.234649, 2332250.3967847694, 0.888, NS
21, 5, 1297.702802, 3255213.9163060985, 0.325, NS
15, 13, 979.4889908, 3844622.5888781, 0.758, NS
31, 17, 964.5276955, 1794330.038520382, 0.989, similar
21, 18, 1422.061465, 16976303.72043873, 0.004, dissimilar
33, 8, 860.1308593, 2236933.167253178, 0.624, NS
3, 6, 1179.878649, 5710349.712320615, 0.175, NS
25, 19, 811.1030303, 2376368.951038309, 0.577, NS
32, 5, 840.6053529, 2277765.0617084326, 0.708, NS
27, 13, 1120.477222, 4151780.5211002016, 0.673, NS
35, 10, 1296.093818, 2936355.343580207, 0.53, NS
35, 16, 1256.216556, 2578468.087773749, 0.589, NS
2, 27, 956.2329269, 742310.6525468533, 1.0, similar
27, 4, 592.460227, 6134811.852642393, 0.285, NS
12, 25, 1086.92166, 947450.9404723276, 1.0, similar
32, 32, 1037.307773, 2110802.609492769, 1.0, similar
35, 5, 1365.921756, 2187341.6175697083, 0.374, NS
2, 16, 1316.026406, 3982618.99960179, 0.398, NS
29, 27, 861.8442603, 2062306.814341128, 0.962, similar
7, 22, 1066.577683, 3666889.5388222896, 0.795, NS
4, 12, 1007.853021, 2807228.751064292, 0.573, NS
26, 10, 1183.698603, 7698127.02127697, 0.188, NS
22, 10, 308.0151238, 15706141.490783555, 0.006, dissimilar
18, 23, 1043.609912, 1666024.8075891454, 0.93, NS
2, 26, 850.7825993, 1108785.666036373, 0.939, NS
26, 18, 950.424581, 4353214.717319138, 0.432, NS
14, 32, 1053.234641, 2506509.3760925047, 0.995, similar
20, 28, 817.0812624, 3214781.664790264, 0.602, NS
26, 26, 987.0768045, 746187.624610644, 1.0, similar
16, 4, 1172.715324, 2418782.8612619643, 0.568, NS
27, 2, 1406.401825, 12480925.766462518, 0.095, NS
37, 8, 882.7699092, 1735258.7438985708, 0.647, NS
22, 11, 745.6842997, 2667313.057791157, 0.789, NS
37, 32, 915.6210051, 907729.8674566696, 1.0, similar
24, 7, 1276.039536, 6867150.904348181, 0.368, NS
36, 12, 1090.920705, 3210169.2728987, 0.916, NS
26, 34, 1080.623513, 662687.0982780724, 1.0, similar
15, 23, 1057.27013, 1310126.8364992468, 0.984, similar
9, 4, 838.8662134, 2188207.2651747884, 0.905, NS
23, 28, 1022.899351, 1539605.8278052327, 0.996, similar
15, 21, 982.4867162, 2550972.4445297876, 0.82, NS
9, 36, 732.1972054, 3612841.9157875804, 0.396, NS
36, 3, 1421.169808, 11011472.509256138, 0.03, dissimilar
24, 32, 991.1226343, 2463956.257393676, 0.993, similar
1, 23, 1285.805614, 1827851.8722077692, 0.605, NS
24, 33, 1210.962032, 2963432.7620380716, 0.687, NS
12, 23, 607.1284846, 3658811.9625296555, 0.417, NS
30, 7, 1260.108391, 4197720.158580594, 0.683, NS
23, 4, 1270.556704, 4111507.7069827323, 0.302, NS
22, 27, 764.719202, 3975958.2864420996, 0.466, NS
11, 30, 839.162702, 2414968.7904141173, 0.663, NS
1, 16, 1141.644043, 4182413.860311205, 0.436, NS
37, 3, 969.1001141, 1002419.8500019422, 0.955, similar
18, 19, 1099.526336, 2476899.560443289, 0.865, NS
9, 18, 878.7184522, 2808641.6319253063, 0.987, similar
27, 16, 998.1510111, 2236921.922509956, 1.0, similar
27, 11, 868.3094824, 2740402.3744743443, 0.987, similar
3, 22, 1182.272765, 6156197.877693783, 0.3, NS
33, 34, 1206.332136, 2624771.6233998127, 0.517, NS
15, 14, 1109.003274, 6676178.820878835, 0.378, NS
17, 36, 1275.547529, 4517029.209488525, 0.348, NS
19, 37, 924.7047794, 3933656.5482955617, 0.755, NS
27, 34, 864.249672, 1540054.271350372, 1.0, similar
3, 34, 866.5782409, 2009336.2849385065, 0.721, NS
37, 28, 1026.670054, 1245753.0365972763, 0.991, similar
6, 22, 1277.028344, 6462529.807965264, 0.428, NS
21, 17, 812.2508587, 1997971.1409909022, 0.964, similar
33, 21, 851.4322129, 1071234.3727673383, 0.992, similar
2, 22, 990.8835368, 1028731.1894621316, 0.998, similar
31, 6, 876.2333159, 1068296.099217787, 0.993, similar
20, 12, 631.7188049, 4846058.4953396395, 0.409, NS
25, 23, 1144.582971, 881698.4020626332, 0.977, similar
29, 4, 656.1866149, 3471244.003628065, 0.405, NS
31, 31, 767.0544152, 3859505.225756864, 0.48, NS
31, 23, 958.629427, 573777.8620152745, 0.998, similar
25, 24, 954.205001, 1414216.5900857013, 0.814, NS
9, 23, 928.0253031, 1058615.366730098, 0.998, similar
23, 33, 1014.397218, 988766.7019321164, 0.996, similar
27, 21, 819.9890655, 3349739.996628276, 0.577, NS
22, 17, 1009.434016, 1059706.7200231904, 1.0, similar
4, 27, 890.7741415, 2223121.1109700003, 0.728, NS
4, 5, 1030.730065, 897273.7289521351, 0.91, NS
2, 20, 1180.690771, 2314167.263422062, 0.446, NS
28, 31, 1074.395992, 1293691.8445185954, 1.0, similar
33, 19, 1042.864838, 1014735.8482146489, 0.992, similar
35, 21, 907.4500693, 701647.3817148817, 0.995, similar
36, 21, 861.9104138, 2682389.72702226, 0.762, NS
36, 22, 608.6624594, 7845469.885539261, 0.322, NS
18, 35, 646.201738, 7184133.277305547, 0.242, NS
33, 18, 775.0406533, 2844942.318839318, 0.726, NS
12, 4, 891.8300634, 1558497.6471513878, 0.995, similar
20, 5, 886.9731831, 2136507.51474931, 0.53, NS
33, 27, 1253.525828, 2670022.0444030385, 0.78, NS
35, 14, 1284.082656, 3675307.5214804593, 0.408, NS
26, 6, 835.7904523, 1532067.3061746724, 0.889, NS
25, 35, 865.6436035, 868807.2501345441, 0.997, similar
5, 24, 1576.945943, 5656956.951193565, 0.014, dissimilar
11, 25, 653.0244881, 3764729.2841102155, 0.403, NS
15, 37, 755.1942919, 5190803.455785485, 0.513, NS
3, 5, 942.2013048, 1328534.4904703307, 0.854, NS
22, 2, 788.4819547, 2341043.0693818317, 0.858, NS
26, 7, 894.6922395, 1616245.825910645, 0.994, similar
11, 35, 1248.279327, 3709972.0965919388, 0.528, NS
31, 1, 1331.716601, 5578707.846612425, 0.336, NS
15, 22, 1307.754232, 10079908.039786825, 0.252, NS
13, 34, 788.6034198, 4375092.624319384, 0.453, NS
22, 37, 910.4445742, 2113078.454149043, 0.953, similar
32, 3, 1006.361749, 3422238.795960823, 0.532, NS
20, 19, 980.4005042, 982907.0408816725, 0.997, similar
4, 23, 1070.157295, 807547.5741994643, 0.935, NS
24, 21, 1211.009918, 3452879.337569678, 0.572, NS
36, 25, 883.5292024, 1716950.2901925414, 0.905, NS
6, 32, 1208.816396, 4446869.132616411, 0.62, NS
20, 23, 843.0268603, 1219185.148761414, 0.909, NS
20, 31, 1094.565482, 1685671.4640427672, 0.993, similar
9, 32, 1018.8489, 2361032.948262542, 0.999, similar
35, 11, 1171.134799, 1818270.2089840616, 0.873, NS
1, 22, 805.3800579, 3376553.2887322437, 0.593, NS
35, 34, 1411.514397, 3641553.1988816313, 0.227, NS
31, 24, 532.0357575, 5949255.69501848, 0.044, dissimilar
10, 12, 852.7396956, 3585605.215601606, 0.83, NS
16, 6, 1333.136556, 3422315.1845078613, 0.397, NS
31, 16, 865.8002025, 1919112.1517645486, 0.967, similar
37, 7, 602.0383188, 6254332.18269704, 0.196, NS
34, 23, 665.9829251, 4768407.296661261, 0.301, NS
34, 11, 1075.417325, 4174947.5383414645, 0.691, NS
20, 4, 665.4190798, 5007958.437996128, 0.224, NS
13, 11, 985.0334521, 4549090.440366299, 0.595, NS
24, 11, 1096.31821, 2771809.4008186134, 0.972, similar
17, 11, 942.344433, 4525875.7175848745, 0.596, NS
19, 6, 1011.985107, 2143036.815109053, 0.931, NS
16, 13, 1211.567784, 2759544.7777144564, 0.747, NS
11, 12, 1365.736667, 11070745.93518675, 0.176, NS
17, 34, 1219.774678, 3117420.4457338755, 0.615, NS
25, 5, 766.1482385, 1091567.833079421, 0.919, NS
9, 3, 1255.451559, 3773704.7355813403, 0.516, NS
21, 37, 1103.096828, 6155037.553497952, 0.291, NS
17, 22, 1344.211093, 14967202.553325342, 0.032, dissimilar
31, 36, 1083.266358, 782689.565149432, 0.989, similar
5, 13, 800.4836806, 2031785.8043250784, 0.797, NS
20, 27, 1223.767211, 7138780.184280215, 0.238, NS
34, 12, 945.6470039, 2825520.984083796, 0.98, similar
17, 19, 1293.478837, 5145676.501312177, 0.361, NS
37, 24, 737.245036, 1655810.1870873522, 0.526, NS
25, 36, 1088.532591, 1221760.288830091, 0.881, NS
21, 19, 986.8174413, 856175.7834238049, 0.995, similar
18, 33, 965.1203603, 1634744.5227179113, 0.995, similar
32, 33, 1121.191855, 2255109.451432049, 0.877, NS
1, 27, 1290.157704, 8874097.389938474, 0.094, NS
6, 29, 651.6233604, 6569494.760112995, 0.359, NS
6, 17, 995.4578596, 3776383.265849101, 0.766, NS
5, 33, 659.1187833, 4007821.158305902, 0.204, NS
24, 31, 1330.913401, 8093510.24093962, 0.322, NS
35, 6, 1287.579417, 1878162.759187016, 0.61, NS
12, 6, 1035.129022, 1944700.3374691166, 0.955, similar
16, 30, 968.5380792, 967955.1284777885, 0.956, similar
27, 26, 884.4016079, 1944289.4745617525, 0.974, similar
33, 2, 984.7631025, 1062113.0533860107, 1.0, similar
16, 35, 1020.823532, 1047146.3388678845, 0.985, similar
5, 7, 1130.884169, 1813738.759343166, 0.884, NS
15, 10, 1346.52832, 16168336.356302017, 0.017, dissimilar
5, 27, 853.5218848, 1707454.403892688, 0.916, NS
25, 16, 1008.67703, 1555567.2836917045, 0.993, similar
2, 30, 1408.70291, 3638547.1912178122, 0.132, NS
2, 8, 776.1468797, 1704418.9824878948, 0.664, NS
28, 22, 895.5566925, 3756666.733362954, 0.792, NS
6, 12, 622.8337896, 8683262.86633875, 0.285, NS
12, 16, 1177.023484, 3743324.8635357153, 0.807, NS
6, 8, 753.0482085, 3009837.1011814, 0.641, NS
15, 12, 957.7454766, 3014458.9406581284, 0.947, NS
36, 9, 884.2078773, 4333221.596971172, 0.674, NS
26, 1, 746.8541152, 3478083.293338175, 0.539, NS
22, 31, 829.5404016, 1638904.1793420247, 0.995, similar
26, 19, 1125.95781, 1398842.5561080116, 0.946, NS
25, 37, 1020.063603, 1312945.9480390672, 0.999, similar
33, 35, 927.6608053, 1540513.0081555704, 0.91, NS
19, 28, 803.3038381, 3606771.6607829174, 0.827, NS
18, 4, 822.7742812, 3314390.6749973823, 0.603, NS
10, 28, 1290.628601, 8642542.70156647, 0.305, NS
10, 16, 1152.329131, 5612868.005906735, 0.478, NS
8, 28, 1420.458058, 7869248.88759752, 0.064, NS
18, 36, 721.6195212, 3561046.848298167, 0.426, NS
31, 28, 861.6771607, 2197222.989733006, 0.918, NS
36, 26, 1050.888478, 1449541.6881954903, 0.996, similar
26, 31, 1250.45034, 2577255.8976666653, 0.811, NS
35, 31, 1049.695794, 817824.6830329476, 1.0, similar
22, 32, 1021.881119, 1045670.9104478176, 1.0, similar
25, 4, 713.2715515, 2049885.1862095266, 0.681, NS
14, 5, 1271.180864, 2988157.253324326, 0.487, NS
11, 7, 975.3216754, 2227419.103755773, 0.998, similar
32, 16, 991.2509142, 2941641.192761658, 0.954, similar
33, 3, 960.4283191, 721431.1266173952, 0.999, similar
24, 10, 865.1339766, 3351762.0436167154, 0.885, NS
23, 10, 1478.875039, 9500164.979230525, 0.062, NS
10, 25, 847.9444624, 1071771.975812876, 0.999, similar
17, 28, 819.4563691, 3426444.8314344096, 0.88, NS
16, 3, 1080.773654, 1139996.4384355287, 0.993, similar
5, 1, 1116.519905, 1737236.2457928525, 0.907, NS
24, 6, 844.6288591, 1425629.2156657474, 1.0, similar
29, 7, 969.7063977, 1259009.3996234909, 0.999, similar
24, 19, 1187.197653, 2596959.5768379318, 0.801, NS
12, 1, 981.1563043, 1729856.7499582656, 1.0, similar
31, 35, 713.3379027, 2200054.3549377946, 0.634, NS
32, 11, 922.4138443, 3210037.812828301, 0.925, NS
34, 5, 1293.331817, 3371282.0137640415, 0.438, NS
12, 18, 705.1856462, 6017484.255593033, 0.449, NS
28, 6, 973.5911099, 3048721.2850091606, 0.634, NS
29, 31, 1059.074609, 749161.8112897697, 1.0, similar
24, 36, 1228.512223, 2669087.3390746987, 0.577, NS
13, 33, 590.0058947, 7144237.9321016185, 0.203, NS
1, 7, 784.3352671, 2562388.698888095, 0.819, NS
6, 19, 1184.888901, 1986317.3463794496, 0.966, similar
20, 16, 1055.659502, 2905360.9245174006, 0.722, NS
27, 15, 1146.704608, 4245781.218437896, 0.43, NS
28, 5, 1190.722606, 1094426.679749429, 0.996, similar
17, 23, 801.1295026, 2307952.642137931, 0.695, NS
24, 14, 475.6401515, 16425421.773074144, 0.013, dissimilar
2, 15, 866.1996294, 1600742.3808517738, 0.692, NS
36, 29, 1417.150822, 15990476.352388661, 0.028, dissimilar
26, 30, 1022.979391, 2499241.5117328432, 0.409, NS
14, 27, 853.7235285, 3532703.537879484, 0.851, NS
15, 33, 1046.313091, 1654237.7397197906, 0.993, similar
31, 29, 1148.151795, 1649988.4919962082, 0.994, similar
12, 32, 1411.14461, 10665830.109637408, 0.216, NS
36, 4, 970.1054005, 2122102.5281456555, 0.945, NS
24, 20, 1455.928328, 10001414.98828684, 0.046, dissimilar
12, 30, 1019.892036, 1270379.6361477436, 0.988, similar
14, 7, 951.3671979, 2280887.9989492106, 0.998, similar
5, 16, 1543.733416, 8377899.870860134, 0.04, dissimilar
22, 12, 941.5124013, 784650.9441831318, 1.0, similar
24, 37, 727.8223308, 6617666.50779266, 0.361, NS
36, 14, 1122.459488, 8031827.63311615, 0.326, NS
22, 1, 1252.572291, 3617319.4694159445, 0.503, NS
11, 23, 868.6160893, 1540298.7721192974, 0.951, similar
5, 35, 1067.824501, 898219.0920827521, 0.978, similar
17, 25, 708.0954356, 2851430.5827427544, 0.533, NS
37, 20, 1017.16258, 829097.1491552193, 0.984, similar
26, 36, 1348.335197, 2818264.6941496003, 0.379, NS
36, 30, 660.8051317, 2803838.4337307764, 0.548, NS
12, 17, 583.215246, 10854495.021873299, 0.194, NS
2, 17, 933.1130302, 1614264.5448610089, 0.961, similar
14, 34, 989.2210653, 2072429.3804820243, 0.943, NS
22, 24, 1081.164663, 831424.8277915906, 0.993, similar
13, 6, 1094.801606, 6090276.554373031, 0.301, NS
37, 16, 865.3348625, 1087550.38597018, 0.999, similar
31, 27, 1059.899169, 1087950.415132392, 1.0, similar
33, 26, 1129.724951, 1231541.320420553, 0.971, similar
26, 23, 907.9032659, 879309.9833217176, 0.982, similar
16, 1, 621.446844, 5527805.754398931, 0.325, NS
16, 26, 776.488547, 2206357.5137675484, 0.619, NS
21, 15, 683.5251254, 2425051.9302349086, 0.538, NS
6, 36, 838.960244, 1913876.73337601, 0.843, NS
11, 2, 785.4196938, 4337340.639375888, 0.639, NS
25, 25, 1243.727076, 2406392.799007635, 0.461, NS
6, 9, 1012.930139, 4300443.435598941, 0.657, NS
5, 12, 1136.553174, 1883953.5903295404, 0.873, NS
19, 15, 950.6736185, 2318945.8933644164, 0.881, NS
2, 12, 747.7370135, 3052159.8999972846, 0.506, NS
24, 24, 1100.17415, 1420882.1705375717, 0.977, similar
18, 5, 741.444239, 4339613.526920317, 0.352, NS
29, 5, 1054.2117, 489148.3214497539, 1.0, similar
27, 6, 888.4096741, 1965889.794430947, 0.966, similar
10, 7, 1108.570962, 1674680.3550226775, 1.0, similar
7, 34, 1205.439315, 1810617.194554133, 0.975, similar
24, 27, 956.8630618, 1443969.1309942235, 1.0, similar
35, 20, 1122.367754, 988519.2022029868, 0.961, similar
12, 15, 1050.401379, 1132903.90767326, 1.0, similar
33, 36, 873.1736136, 1300030.311763937, 0.867, NS
4, 19, 840.7296579, 1632965.0581412863, 0.713, NS
31, 4, 1289.620685, 2860182.395740978, 0.484, NS
11, 8, 654.7960439, 5519302.512371556, 0.316, NS
3, 23, 933.7687631, 1035255.1794464376, 0.945, NS
25, 7, 1051.723826, 1495414.5553297563, 0.996, similar
14, 22, 1226.785066, 9972841.877753144, 0.236, NS
1, 33, 846.6901795, 1622379.525578049, 0.883, NS
14, 3, 913.6727064, 3660322.023130615, 0.509, NS
8, 7, 907.6140564, 1214843.6152706486, 0.988, similar
32, 12, 834.2233732, 3094983.8452813113, 0.946, NS
22, 26, 1040.069907, 928693.3785495039, 0.995, similar
29, 22, 994.0194492, 2944362.638408016, 0.681, NS
31, 18, 859.8888186, 2200340.8033583425, 0.921, NS
10, 5, 1003.792383, 886867.6206787917, 0.999, similar
33, 9, 1244.580007, 3122788.7388011445, 0.632, NS
23, 36, 554.1437691, 4729565.570059637, 0.15, NS
23, 5, 940.8325074, 986075.0672790022, 0.958, similar
31, 30, 623.594171, 4382347.115973695, 0.172, NS
32, 28, 1014.433035, 2317455.0795099144, 0.999, similar
4, 7, 1377.25013, 5128282.812267864, 0.282, NS
11, 10, 1206.71276, 11003213.026770908, 0.159, NS
37, 11, 933.6241077, 909322.779007542, 1.0, similar
1, 36, 956.7199728, 1153513.5350640384, 0.92, NS
23, 9, 1034.821065, 1373413.2416704635, 1.0, similar
17, 5, 1523.835263, 10055922.95157181, 0.016, dissimilar
7, 35, 755.9253483, 3587741.410588554, 0.544, NS
31, 12, 897.6887197, 2699978.3279907503, 0.776, NS
22, 23, 1175.989944, 1667669.924245524, 0.674, NS
21, 16, 1120.914588, 3219066.6680828906, 0.615, NS
10, 32, 738.3093221, 5872428.003421642, 0.485, NS
18, 3, 1357.662144, 12613732.847928058, 0.017, dissimilar
7, 28, 1169.55773, 4137600.072247637, 0.681, NS
4, 16, 1279.499392, 5241004.610606135, 0.279, NS
28, 7, 1231.484159, 2778564.6550560086, 0.979, similar
18, 7, 702.8732739, 8104700.7773395395, 0.353, NS
3, 19, 897.0586363, 1476245.886045973, 0.926, NS
10, 33, 880.4192585, 1753311.2623117517, 0.985, similar
27, 24, 1343.289629, 6223977.553703371, 0.19, NS
9, 16, 808.5077734, 3848925.3212349275, 0.755, NS
24, 13, 1067.676313, 2201845.23972246, 1.0, similar
36, 24, 815.4448194, 2181002.8526752326, 0.719, NS
18, 31, 1046.096778, 1722168.05973284, 1.0, similar
26, 28, 620.8423988, 5792184.091753694, 0.33, NS
18, 26, 1020.930385, 1571240.6682821056, 0.996, similar
2, 10, 1169.973059, 2603754.955465232, 0.6, NS
31, 15, 1048.033511, 1859690.7130714974, 0.757, NS
15, 26, 938.4486778, 1276471.670592876, 0.999, similar
9, 9, 1089.1411, 2519578.6100022895, 0.992, similar
21, 23, 842.7595541, 1378279.178523369, 0.831, NS
33, 24, 1057.166211, 820477.3876786227, 0.987, similar
11, 26, 1009.066791, 1026439.0557711518, 1.0, similar
10, 26, 1085.962378, 1211355.526267144, 0.999, similar
2, 35, 891.7323528, 796585.6983950087, 0.988, similar
30, 12, 1125.490892, 6939764.436272507, 0.388, NS
31, 37, 1510.967852, 9366824.041334994, 0.062, NS
31, 3, 986.194923, 749955.84664749, 0.999, similar
11, 16, 938.4588756, 2555081.2234464735, 0.996, similar
26, 24, 869.4771456, 2558858.993160986, 0.424, NS
21, 24, 1015.489379, 2763043.2414238052, 0.373, NS
11, 33, 765.4437874, 3535213.2145148455, 0.545, NS
22, 18, 915.9637292, 1091377.413360814, 1.0, similar
14, 36, 485.4013568, 9071081.17330867, 0.035, dissimilar
12, 28, 861.6627115, 2570089.5804766356, 0.986, similar
36, 13, 1018.824446, 3659922.1214667186, 0.821, NS
1, 3, 1351.720023, 8668857.907444395, 0.013, dissimilar
26, 8, 1055.595516, 3067812.437384517, 0.439, NS
24, 26, 966.0893066, 1415920.552835959, 1.0, similar
11, 20, 1164.14677, 6164964.821094753, 0.294, NS
16, 28, 513.9492108, 7482350.0852689855, 0.19, NS
15, 1, 1381.643256, 18041710.402616214, 0.016, dissimilar
23, 11, 862.2694011, 1801726.630052524, 0.98, similar
9, 29, 1344.051506, 6699892.051615896, 0.415, NS
22, 34, 768.8547334, 1768418.9270798073, 0.814, NS
24, 25, 1177.930042, 2603198.1858866923, 0.604, NS
22, 29, 1019.674465, 1611389.818775348, 0.994, similar
30, 35, 1272.660603, 2953432.523032589, 0.706, NS
6, 11, 1077.115685, 3520713.7730213925, 0.852, NS
35, 3, 756.3992678, 1218518.8896078535, 0.892, NS
19, 24, 1005.886942, 1774768.0209765772, 0.893, NS
2, 9, 932.0414292, 1104386.4493991248, 0.998, similar
8, 31, 1139.001335, 1037114.891063315, 0.997, similar
19, 35, 953.8343434, 1543641.6807824082, 0.995, similar
27, 36, 975.2251688, 1290244.650375159, 0.981, similar
13, 16, 879.6912512, 3850847.9318750603, 0.744, NS
30, 31, 1131.197717, 2293132.322075796, 0.999, similar
22, 16, 990.5587537, 1210959.6391420478, 1.0, similar
35, 12, 1034.95463, 1034161.544586401, 1.0, similar
35, 36, 1281.167101, 1245268.10016933, 0.722, NS
16, 18, 625.1023457, 5698932.056898619, 0.317, NS
37, 35, 989.1532185, 662902.0266536981, 0.997, similar
29, 23, 994.6439981, 475553.7967771612, 0.999, similar
5, 32, 1093.304246, 1875802.1247091964, 0.885, NS
24, 3, 866.9245221, 2133112.8672099244, 0.943, NS
24, 16, 994.1471477, 1920404.79996971, 1.0, similar
6, 3, 1183.857333, 4309856.844172979, 0.427, NS
9, 6, 951.1784214, 1656381.0065401786, 0.992, similar
19, 26, 1027.570904, 1134390.34542566, 1.0, similar
6, 35, 1239.646459, 3506610.8332711826, 0.568, NS
5, 2, 635.8699847, 5376375.244658291, 0.264, NS
16, 19, 812.3597773, 1464537.8344828133, 0.932, NS
2, 21, 923.5950864, 1085748.10888127, 0.924, NS
27, 19, 1069.50332, 1273776.0922600247, 1.0, similar
3, 16, 1397.944097, 9877395.899511404, 0.054, NS
19, 12, 796.586549, 3176196.2749733757, 0.922, NS
6, 33, 890.9385065, 2603908.0359045374, 0.797, NS
17, 33, 1237.986098, 4498964.855307555, 0.401, NS
6, 24, 1207.008183, 5827750.936101051, 0.214, NS
6, 10, 1151.611507, 7670362.179854074, 0.353, NS
21, 14, 934.6798543, 4040721.5545776533, 0.484, NS
37, 37, 1183.825412, 2648386.586165425, 0.585, NS
22, 5, 1166.696923, 1680648.0560761178, 0.663, NS
35, 25, 1443.444817, 3188365.2133847536, 0.203, NS
6, 31, 1011.233111, 1707593.8525269371, 1.0, similar
11, 29, 974.8036977, 3470052.6518779593, 0.867, NS
5, 23, 1044.53925, 559594.6861481853, 0.989, similar
12, 3, 715.8765495, 3124001.472691502, 0.646, NS
23, 12, 693.8312108, 4186076.419960746, 0.466, NS
27, 1, 971.8689461, 3633967.939626358, 0.809, NS
7, 12, 973.3221456, 2930426.270949884, 0.963, similar
32, 27, 1102.07291, 5412332.105191303, 0.5, NS
7, 33, 1198.327285, 2162687.277686404, 0.921, NS
24, 23, 824.7104772, 1808757.3496605929, 0.89, NS
2, 1, 757.0556164, 3437164.2456793454, 0.44, NS
37, 1, 888.7825895, 1107001.8045755837, 0.997, similar
37, 29, 966.6195793, 764950.9288242928, 1.0, similar
28, 12, 848.5609973, 4053970.166516004, 0.703, NS
11, 37, 670.2099077, 6519570.394818268, 0.411, NS
5, 6, 1332.904753, 2922412.2512144265, 0.348, NS
10, 6, 656.0338565, 2764296.695728728, 0.738, NS
27, 20, 903.9946867, 2967471.2049499596, 0.661, NS
25, 11, 977.4594535, 1161833.015111113, 0.999, similar
29, 16, 1259.995778, 5133769.774235556, 0.388, NS
25, 34, 1041.728608, 828643.5212680522, 0.999, similar
15, 2, 1091.532207, 5142407.56832075, 0.535, NS
23, 15, 1033.788649, 1509949.5378008033, 0.906, NS
24, 34, 911.2435303, 1694077.9442140365, 0.99, similar
19, 22, 835.8743667, 2980986.7319249013, 0.964, similar
9, 31, 464.1427074, 17872400.18590438, 0.017, dissimilar
12, 12, 1112.615732, 3081943.7236101157, 0.943, NS
26, 2, 869.7203286, 3178248.559702579, 0.605, NS
22, 33, 965.5057759, 1061939.9128719317, 0.993, similar
36, 7, 750.8568431, 5861634.977839481, 0.449, NS
16, 14, 942.6201342, 1497639.390350386, 0.997, similar
35, 27, 735.4349999, 3861743.7952361763, 0.381, NS
24, 30, 959.8404738, 1633468.7551717353, 0.937, NS
36, 34, 1101.170388, 1933867.7479918108, 0.98, similar
12, 34, 1031.844229, 1777166.52877753, 0.984, similar
35, 26, 888.9927609, 1010223.7724293998, 0.955, similar
30, 6, 902.7511958, 3011514.957175583, 0.67, NS
24, 1, 1004.933847, 2391457.6210119403, 0.995, similar
27, 14, 995.7063635, 4127197.556192131, 0.702, NS
16, 29, 1048.633289, 1770108.4897219827, 0.986, similar
35, 19, 678.5276121, 2320410.7121894546, 0.463, NS
34, 36, 997.8893692, 1639837.6988262536, 0.936, NS
37, 6, 1302.280594, 2321014.1883363235, 0.461, NS
23, 17, 917.0637854, 1716569.8735541208, 0.991, similar
7, 26, 1074.133667, 1251445.230076929, 1.0, similar
6, 18, 1568.861839, 28648633.438972518, 0.0, dissimilar
31, 2, 995.0834107, 1111370.3494391465, 1.0, similar
4, 25, 990.7654773, 540771.9729596062, 0.99, similar
18, 6, 1013.439299, 3474950.44438991, 0.553, NS
15, 27, 1017.462077, 2968407.475434758, 0.967, similar
13, 27, 812.9089576, 3642978.137000368, 0.825, NS
17, 12, 666.4617794, 6462355.648055392, 0.424, NS
1, 35, 944.3142311, 1148479.330668936, 0.99, similar
25, 29, 1125.68421, 1910968.1353642999, 0.965, similar
24, 18, 1313.375035, 7700003.50460828, 0.331, NS
23, 27, 781.6742121, 1933503.8869279926, 0.969, similar
20, 7, 1028.211505, 2166263.549637032, 0.929, NS
23, 21, 1072.18469, 1561054.7595871626, 0.89, NS
21, 27, 1005.730212, 2173559.824043593, 0.928, NS
13, 25, 759.9522248, 2280845.9600107926, 0.706, NS
17, 4, 960.9337968, 2125049.794295133, 0.937, NS
11, 19, 758.8149992, 3684027.0424409285, 0.527, NS
9, 5, 1193.357266, 1344802.8300695624, 0.985, similar
9, 14, 1262.732755, 6041014.29484961, 0.426, NS
14, 35, 1353.643087, 4671756.991146191, 0.407, NS
24, 9, 1077.226365, 2271448.6453854316, 0.999, similar
7, 25, 898.28693, 1100700.2894446729, 0.998, similar
4, 11, 801.9361315, 2338291.9287167676, 0.669, NS
14, 23, 1246.250101, 2214899.4063061783, 0.737, NS
28, 25, 975.6796961, 877694.4371575592, 1.0, similar
29, 3, 760.8900943, 2067138.7083849874, 0.693, NS
25, 22, 1073.484813, 1654242.5047546409, 0.994, similar
6, 1, 1136.969045, 7803228.209244513, 0.339, NS
15, 32, 582.763194, 10852639.639130546, 0.186, NS
31, 11, 1091.099043, 2196166.404522851, 0.913, NS
2, 25, 873.3702286, 523708.6645700249, 0.991, similar
24, 12, 1476.637257, 12891252.486126356, 0.059, NS
19, 25, 1300.447529, 2358882.571246784, 0.673, NS
37, 34, 920.1408242, 1061802.646279777, 0.946, NS
16, 7, 1006.407237, 1664231.7236868825, 0.988, similar
11, 32, 1029.390016, 2286609.0889645126, 0.998, similar
21, 34, 1167.20101, 1774059.66524418, 0.851, NS
34, 33, 996.43075, 1738427.2657661613, 0.986, similar
15, 8, 657.155915, 5632729.782037588, 0.303, NS
18, 22, 972.2265315, 4247060.910929644, 0.672, NS
24, 22, 655.8536103, 6702173.034973028, 0.397, NS
1, 4, 1195.402226, 2375090.7378314426, 0.567, NS
36, 33, 1052.457545, 1829171.2453980155, 0.978, similar
30, 25, 963.4892609, 792444.307167685, 1.0, similar
23, 19, 851.723944, 1738825.4249467528, 0.836, NS
19, 13, 856.3271438, 2636739.8941924893, 0.987, similar
37, 13, 976.4256847, 700288.9205988424, 0.999, similar
5, 29, 914.1590822, 1235423.9261472353, 0.988, similar
29, 32, 1035.377495, 1386661.7447672938, 0.999, similar
5, 3, 893.846397, 879440.5977583587, 0.982, similar
8, 19, 995.3232639, 776154.3461643822, 0.982, similar
33, 28, 981.6440246, 1179533.3999531716, 0.997, similar
26, 20, 1089.961494, 4461768.632964291, 0.296, NS
19, 36, 681.0598579, 5199412.60321549, 0.278, NS
19, 5, 692.142248, 4352377.863207444, 0.337, NS
19, 14, 936.5660301, 3313349.969734938, 0.88, NS
9, 28, 1014.997269, 1555218.5918043663, 1.0, similar
29, 11, 1199.432555, 5371191.23811896, 0.355, NS
8, 23, 1042.084552, 452757.70134466456, 0.996, similar
37, 36, 688.763089, 1854971.2401090509, 0.44, NS
25, 30, 1072.909544, 776323.5054386457, 0.995, similar
11, 13, 1176.6213, 7052283.504492211, 0.323, NS
33, 30, 1013.220009, 1168855.8143803612, 0.899, NS
10, 34, 1067.819795, 1400849.5997103634, 0.999, similar
21, 33, 660.6336724, 2784015.2205923237, 0.507, NS
13, 31, 882.7388409, 3276541.2901707217, 0.901, NS
32, 25, 797.1370037, 2173817.3956242367, 0.746, NS
9, 27, 1149.903432, 2533518.5070096566, 0.995, similar
37, 33, 749.621861, 1549998.045124138, 0.754, NS
36, 16, 1086.701306, 3264116.090261946, 0.929, NS
29, 12, 1068.263626, 3355796.7035217728, 0.587, NS
5, 9, 1139.829778, 1577562.6936817926, 0.947, NS
35, 23, 863.6737025, 354904.16049841535, 0.998, similar
36, 2, 1042.535617, 4876966.7826377675, 0.601, NS
12, 31, 858.823595, 3419026.889565425, 0.882, NS
5, 28, 755.7149065, 2568570.727802612, 0.619, NS
11, 11, 884.7839425, 3769956.1480137836, 0.778, NS
14, 31, 1252.785132, 4049071.709030319, 0.713, NS
16, 10, 845.0695451, 2277265.8801354007, 0.891, NS
32, 7, 1202.300616, 2321444.9126222096, 0.998, similar
7, 23, 1272.997686, 2240956.2745035742, 0.709, NS
14, 19, 832.6538671, 2401250.806955709, 0.859, NS
19, 33, 1163.946907, 2451612.244292525, 0.864, NS
12, 26, 998.8726221, 1192706.4606041696, 0.998, similar
21, 2, 697.9267437, 3498707.2886928287, 0.562, NS
36, 1, 897.715202, 3286120.6449492327, 0.913, NS
26, 37, 1357.431284, 13881683.930240337, 0.01, dissimilar
9, 35, 750.3832995, 3887324.450969133, 0.493, NS
34, 25, 1185.10638, 1612417.4086151323, 0.935, NS
31, 20, 961.6003168, 1366876.1101320982, 0.949, NS
21, 3, 674.1320623, 2763225.905472297, 0.491, NS
2, 31, 930.0056773, 1141460.6760530144, 0.994, similar
4, 34, 898.3822962, 1309737.791161921, 0.863, NS
23, 2, 606.3544819, 6379740.972719632, 0.259, NS
10, 11, 1120.444636, 6795829.377871099, 0.383, NS
27, 3, 723.9157864, 4140446.795917554, 0.439, NS
35, 18, 1202.971011, 2257944.76453753, 0.755, NS
12, 14, 1123.003039, 2455823.09628035, 0.998, similar
31, 7, 921.6501388, 2119339.8249773267, 0.931, NS
11, 31, 961.9291109, 2569337.1116372403, 0.992, similar
22, 22, 1306.507667, 5237035.924973244, 0.341, NS
12, 2, 1098.876803, 2268337.955872595, 0.998, similar
6, 7, 1106.127833, 2550638.8596335812, 0.991, similar
12, 33, 1112.44808, 2240402.7137534884, 0.898, NS
22, 3, 1143.846831, 1430372.3506234065, 0.936, NS
33, 7, 1104.790396, 2133107.0937767182, 0.934, NS
31, 26, 708.6625096, 2858936.063091312, 0.473, NS
3, 11, 860.3734097, 2682946.3982056016, 0.745, NS
15, 20, 1000.587222, 3115162.872478538, 0.655, NS
18, 27, 966.3680117, 3698544.338474277, 0.809, NS
34, 31, 1138.838105, 2323005.1840027473, 0.992, similar
11, 3, 1299.061288, 5898671.89492642, 0.298, NS
23, 6, 784.6036588, 1626797.7615572414, 0.859, NS
4, 4, 1467.865593, 5258788.72533412, 0.076, NS
5, 34, 737.2775519, 1702575.4541981735, 0.658, NS
12, 13, 1192.935102, 3483636.948741753, 0.855, NS
16, 24, 1221.364591, 1812315.3250448036, 0.616, NS
27, 5, 849.833452, 1401983.8564986505, 0.977, similar
5, 37, 852.5012848, 1411647.1691767592, 0.976, similar
11, 28, 578.8951562, 10753778.909366215, 0.207, NS
16, 20, 1094.325604, 900648.4734102555, 0.999, similar
25, 32, 684.3251947, 4296105.309771299, 0.428, NS
19, 10, 1151.635375, 6759803.587464071, 0.376, NS
17, 31, 1240.216283, 4256605.675491882, 0.693, NS
21, 10, 733.4768406, 2582602.917776005, 0.806, NS
13, 32, 762.7905871, 6400132.97221288, 0.408, NS
26, 35, 1066.858588, 772037.1497943738, 0.999, similar
2, 6, 995.102621, 466759.97708210984, 1.0, similar
33, 32, 1148.647899, 2463440.213996766, 0.838, NS
22, 19, 733.5189565, 1872141.897006222, 0.791, NS
21, 13, 949.3383882, 2878749.5916675986, 0.698, NS
26, 14, 711.7793165, 4126382.3084391286, 0.453, NS
6, 14, 1044.245293, 5700376.686883793, 0.436, NS
25, 27, 1474.530022, 10309010.45929235, 0.049, dissimilar
22, 15, 848.6850701, 1875176.9980330153, 0.782, NS
19, 18, 993.6711681, 2970023.5447345595, 0.963, similar
35, 4, 778.3262804, 1495680.5044551874, 0.731, NS
17, 16, 1145.504691, 6007005.749717514, 0.436, NS
21, 31, 1118.032231, 1913877.3158777878, 0.977, similar
6, 27, 1289.779878, 8186644.458170079, 0.316, NS
19, 1, 970.0707294, 2918639.9449499673, 0.963, similar
18, 25, 618.1550712, 5025833.335749013, 0.266, NS
26, 13, 976.7232099, 3293609.310834612, 0.587, NS
31, 9, 1057.835054, 1352698.3159598706, 1.0, similar
2, 18, 1200.562959, 3265764.8648082637, 0.463, NS
15, 17, 909.1907305, 3247284.211577647, 0.912, NS
27, 25, 973.927395, 1374967.5397871148, 0.98, similar
15, 4, 1174.106919, 2216424.198843951, 0.912, NS
9, 8, 1091.702485, 2122202.1742965938, 0.931, NS
9, 11, 1499.977411, 12996118.195165398, 0.066, NS
15, 5, 861.1727346, 2051729.8029667041, 0.801, NS
23, 22, 1159.397154, 2354961.23666696, 0.88, NS
31, 13, 1415.149324, 5634912.745200805, 0.301, NS
29, 26, 980.1315593, 786465.539666079, 0.999, similar
36, 36, 1293.060564, 4155601.8279697495, 0.355, NS
37, 23, 1083.210391, 874375.040170216, 0.922, NS
7, 36, 1167.727307, 1434430.2317381662, 0.978, similar
2, 13, 1123.128046, 1432006.9927237025, 0.979, similar
19, 7, 607.5896472, 9256078.0889051, 0.273, NS
25, 21, 993.839688, 1965260.471159403, 0.742, NS
35, 33, 1260.455619, 1650673.9284472228, 0.677, NS
17, 35, 1348.959892, 5548563.885578137, 0.33, NS
22, 21, 919.251213, 937416.8331810196, 0.996, similar
9, 2, 1023.08236, 1929425.448782615, 1.0, similar
9, 20, 1176.613133, 3192810.9482391244, 0.618, NS
2, 5, 1355.461809, 2112376.148042616, 0.397, NS
30, 27, 1224.980871, 10667503.993898105, 0.228, NS
35, 37, 679.6965274, 5679117.525121933, 0.21, NS
32, 26, 912.91439, 1469405.8983223364, 0.998, similar
26, 25, 716.923532, 1821006.6697545394, 0.613, NS
3, 36, 816.6441756, 2030177.1819213561, 0.557, NS
5, 4, 1110.675152, 1025480.5541120804, 0.962, similar
6, 4, 873.4019401, 1377635.1519102473, 0.999, similar
3, 25, 1217.897178, 1922242.7536202143, 0.54, NS
32, 23, 969.8281394, 1031805.6159814049, 0.998, similar
36, 35, 1182.827036, 2478201.4327230803, 0.83, NS
5, 19, 1302.199207, 2523225.340923101, 0.428, NS
17, 6, 763.8775994, 2511434.6449444517, 0.836, NS
4, 35, 1097.643691, 635167.8666327188, 0.998, similar
19, 31, 1038.976115, 1573302.9449483121, 1.0, similar
12, 24, 774.9586674, 2087522.2293083232, 0.788, NS
14, 12, 1155.405455, 7614897.47740017, 0.355, NS
2, 11, 885.9097042, 1601179.3938372047, 0.948, NS
37, 19, 1195.666336, 1668069.784458975, 0.696, NS
9, 30, 1512.296479, 9218548.134406045, 0.018, dissimilar
37, 12, 1000.150379, 559821.1418032843, 1.0, similar
20, 33, 677.0952982, 3402744.4520755345, 0.415, NS
35, 13, 1106.282262, 1181762.5187860336, 0.99, similar
2, 29, 976.6493547, 912504.340773026, 0.998, similar
2, 14, 892.7961827, 2376228.2322380855, 0.667, NS
7, 19, 1148.535884, 1385483.9313923828, 0.995, similar
16, 27, 801.7657276, 3472772.056624311, 0.562, NS
29, 34, 1169.926275, 721359.0741981212, 1.0, similar
37, 4, 833.5495067, 2128993.8969911044, 0.496, NS
19, 16, 603.5234748, 8747689.473428424, 0.307, NS
8, 6, 1258.031236, 5750775.798047519, 0.045, dissimilar
4, 31, 981.941317, 964099.2503072135, 1.0, similar
3, 3, 889.9081533, 2531677.707511982, 0.547, NS
5, 17, 1150.217534, 1988107.179955968, 0.819, NS
11, 9, 872.8851466, 4035664.1038311725, 0.736, NS
11, 22, 1255.503751, 6221470.072105548, 0.432, NS
28, 19, 1127.918392, 1261426.3648026208, 1.0, similar
23, 24, 613.2455036, 4593913.88987775, 0.156, NS
16, 25, 1097.996395, 804584.1020180165, 0.985, similar
9, 25, 858.0119105, 1517356.6991454288, 0.956, similar
22, 30, 695.05402, 2677437.8079719683, 0.423, NS
1, 5, 951.7551112, 602735.0683955171, 0.999, similar
33, 12, 999.5437132, 2006246.1472463282, 0.957, similar
19, 27, 1234.485066, 4889510.106566315, 0.528, NS
6, 30, 850.661243, 2226743.6758421217, 0.743, NS
19, 9, 418.4361558, 18017199.04103737, 0.01, dissimilar
37, 2, 1085.203323, 1760078.142478394, 0.893, NS
15, 15, 983.8068332, 3221589.1888259407, 0.592, NS
33, 13, 1525.847432, 8734706.65596419, 0.108, NS
18, 34, 1103.880802, 1431892.6879701095, 0.999, similar
8, 11, 1122.975285, 3877055.4889543243, 0.401, NS
21, 20, 1045.31159, 3795864.5478774197, 0.353, NS
28, 28, 1001.471984, 2552507.7082738797, 0.993, similar
25, 2, 748.5081409, 4263186.825909139, 0.437, NS
21, 9, 999.2174973, 3692381.206583012, 0.509, NS
19, 23, 779.3042319, 2492471.349223573, 0.671, NS
33, 22, 887.1318584, 1155654.7259697844, 1.0, similar
13, 22, 989.7010003, 4759017.013398293, 0.573, NS
19, 29, 864.7908745, 3381385.1417132462, 0.893, NS
33, 23, 1103.044229, 1347998.304906336, 0.845, NS
25, 13, 723.9765961, 3584640.610109792, 0.531, NS
18, 11, 1116.852888, 5682459.378106807, 0.465, NS
33, 33, 862.7533626, 1606711.63399841, 0.894, NS
5, 15, 1250.750367, 1396019.879127232, 0.797, NS
3, 12, 1181.780191, 6224406.115610452, 0.244, NS
37, 26, 1149.714939, 1026722.2655868573, 0.95, similar
4, 36, 822.6091626, 1194758.171566149, 0.753, NS
30, 36, 707.3887365, 4079464.599653334, 0.36, NS
36, 6, 1248.400407, 5391492.262523639, 0.343, NS
2, 19, 1135.090913, 1141547.0198827137, 0.937, NS
30, 3, 1021.977188, 4415559.329915778, 0.418, NS
13, 5, 677.6806435, 4131799.847197129, 0.382, NS
3, 35, 1041.174613, 896222.0387323194, 0.996, similar
5, 30, 1032.588705, 373539.4357695178, 1.0, similar
6, 25, 976.7637117, 1059839.3106982335, 0.998, similar
15, 11, 708.8344815, 5960230.59408012, 0.441, NS
11, 17, 1013.912936, 3606457.2591183176, 0.822, NS
24, 28, 644.7849197, 7418305.54563037, 0.37, NS
25, 12, 1237.581422, 4078179.6217431505, 0.457, NS
15, 18, 1046.175817, 5092422.288755029, 0.524, NS
7, 7, 1151.408796, 2249442.2037271275, 0.998, similar
28, 36, 1048.359829, 1045267.9793040018, 0.996, similar
8, 27, 1051.456751, 3083488.6072753314, 0.458, NS
23, 16, 905.5914894, 1793792.4396718785, 0.989, similar
2, 28, 877.6025334, 1249042.4039664345, 0.991, similar
29, 6, 715.9927671, 1802794.6180812393, 0.798, NS
11, 15, 805.4697878, 3506511.4738370897, 0.528, NS
7, 3, 1028.940417, 3116097.96767633, 0.629, NS
15, 34, 1006.719038, 1530450.1438338228, 0.999, similar
32, 35, 1186.695721, 1960238.962108782, 0.958, similar
21, 30, 931.8312782, 2301194.793371396, 0.481, NS
9, 24, 956.1601198, 1252559.7985534533, 0.989, similar
28, 35, 1204.920074, 1773025.3552294914, 0.989, similar
19, 19, 716.350248, 3483652.1224113237, 0.558, NS
32, 4, 1154.014239, 1077752.0407616717, 1.0, similar
28, 34, 896.2368441, 1817370.5581778132, 0.983, similar
36, 11, 957.4130815, 2420704.9198399526, 0.997, similar
27, 37, 1315.931709, 11154822.987745546, 0.185, NS
24, 29, 980.5580618, 1852308.437516337, 1.0, similar
12, 7, 833.3387101, 3473034.5141342496, 0.863, NS
34, 19, 963.1309535, 1557505.631659048, 0.996, similar
21, 11, 981.4489301, 2181688.5885744896, 0.919, NS
8, 12, 826.0948512, 2665023.24229146, 0.58, NS
10, 23, 1012.665604, 631038.5252227248, 1.0, similar
18, 28, 1421.604893, 12997245.167005908, 0.061, NS
16, 21, 847.2674065, 1045139.904981899, 0.993, similar
36, 23, 1190.856733, 2364623.237512093, 0.658, NS
28, 16, 878.4314566, 3316963.3504481125, 0.902, NS
1, 26, 1006.587493, 958467.3351696996, 0.996, similar
25, 6, 1054.372108, 1060512.1505668946, 0.992, similar
35, 7, 768.9936701, 2661545.3136244784, 0.583, NS
19, 2, 1000.062683, 3283526.668611279, 0.904, NS
6, 26, 1205.095412, 2980420.925894096, 0.695, NS
21, 26, 830.5355653, 1708653.3938030542, 0.854, NS
16, 23, 854.6992246, 706361.16378602, 0.991, similar
16, 22, 858.1537921, 1505953.2799363558, 0.999, similar
21, 32, 629.191032, 4858825.85876967, 0.388, NS
12, 5, 1417.285689, 5750297.437275608, 0.23, NS
33, 5, 926.3019611, 1319451.1988456561, 0.831, NS
6, 15, 1054.682315, 3946843.1883581826, 0.489, NS
11, 34, 1082.598258, 1644968.225117964, 0.986, similar
19, 3, 1001.429894, 1981519.3493111318, 0.954, similar
1, 28, 1149.611942, 4046810.189804361, 0.48, NS
16, 34, 1215.588576, 2308979.282298094, 0.619, NS
20, 26, 949.1978175, 1478095.0211367735, 0.916, NS
26, 32, 923.7622325, 2184464.089526542, 0.937, NS
23, 13, 1065.075903, 1170666.984932255, 1.0, similar
26, 22, 872.1410698, 2959743.1383849857, 0.685, NS
7, 32, 1220.165497, 3860682.0174947493, 0.773, NS
5, 10, 1054.926645, 818220.5399649574, 1.0, similar
6, 20, 892.3680485, 3656666.8045863598, 0.522, NS
24, 4, 1219.712644, 3880631.228318996, 0.504, NS
12, 35, 1231.307277, 3719129.0696369894, 0.521, NS
33, 15, 1237.076627, 2054572.3148703617, 0.694, NS
5, 8, 1172.848062, 1069318.9053392992, 0.942, NS
37, 18, 1090.03281, 1309368.9811368263, 0.987, similar
2, 37, 1091.50251, 1568182.0169928407, 0.947, NS
14, 28, 853.7237313, 3169983.0897518597, 0.926, NS
23, 32, 953.3290663, 1658092.8400413503, 0.994, similar
13, 28, 807.9383305, 3366255.3151479224, 0.892, NS
2, 7, 1179.186679, 1926482.254645764, 0.848, NS
16, 33, 863.1169499, 1937407.4108888335, 0.715, NS
7, 6, 1305.918949, 9727760.005800914, 0.062, NS
16, 15, 1163.74931, 1748705.1105131824, 0.814, NS
20, 6, 1219.787068, 5619863.1896979045, 0.181, NS
30, 16, 1179.884773, 6718956.749361535, 0.395, NS
14, 11, 945.2671216, 4195305.77888827, 0.688, NS
18, 16, 997.3337185, 3623017.0305840885, 0.828, NS
23, 30, 940.7070158, 1112135.4936523188, 0.927, NS
31, 22, 590.5059295, 6037279.661630431, 0.306, NS
23, 1, 1203.606733, 3182823.6045168377, 0.636, NS
11, 36, 1243.229182, 2306109.7591682924, 0.69, NS
15, 36, 1150.099762, 1484165.0609105097, 0.961, similar
7, 11, 909.0359189, 3003284.70690541, 0.946, NS
11, 6, 1385.867758, 8920489.018753525, 0.116, NS
6, 23, 783.3562707, 2778307.418499921, 0.56, NS
22, 20, 915.6757257, 909935.6001152233, 0.996, similar
13, 26, 659.4438017, 4840036.146514265, 0.384, NS
36, 5, 1072.611421, 1798384.7409236452, 0.901, NS
9, 37, 977.1962846, 3183074.5603629, 0.923, NS
16, 37, 1097.3513, 2236606.145887324, 0.914, NS
27, 28, 995.353455, 2137374.763872703, 0.999, similar
12, 37, 905.2654906, 3765293.537881382, 0.789, NS
33, 31, 688.8312166, 5274338.615647465, 0.369, NS
7, 5, 1079.512325, 776489.4466086997, 1.0, similar
1, 32, 1445.53757, 8211853.989403249, 0.131, NS
25, 1, 1024.93519, 1580306.7718582982, 0.993, similar
15, 28, 1129.317219, 2814182.0560734035, 0.975, similar
35, 1, 933.9712959, 1429388.8000737473, 0.972, similar
36, 10, 1159.620489, 10185695.468326062, 0.213, NS
1, 31, 1010.473413, 1404719.3297589654, 0.999, similar
27, 12, 880.0356991, 2461903.5985584105, 0.992, similar
22, 25, 1081.622398, 689516.8662633256, 0.992, similar
37, 5, 1410.616568, 2772888.534758877, 0.274, NS
23, 37, 1159.912743, 2401563.626723073, 0.872, NS
21, 28, 714.9329917, 4307364.62436065, 0.438, NS
27, 9, 964.0163174, 3271239.6115703243, 0.906, NS
21, 21, 582.4111947, 4077021.4828047864, 0.316, NS
30, 23, 1217.956885, 1857791.9944609923, 0.863, NS
37, 21, 886.4849355, 1193741.3833342558, 0.892, NS
10, 3, 925.7389994, 3285123.1179613625, 0.599, NS
29, 28, 1037.145427, 2250659.200377583, 0.917, NS
27, 32, 738.7954547, 5984959.080094377, 0.421, NS
3, 4, 861.2111612, 2029258.2970833047, 0.71, NS
33, 6, 728.0871771, 3691086.3894285853, 0.38, NS
9, 13, 1055.24859, 2487397.5523775844, 0.993, similar
37, 9, 805.0720478, 2956360.897657263, 0.497, NS
36, 31, 913.9412218, 1908160.4630257993, 1.0, similar
21, 7, 1280.759388, 4418042.288719819, 0.422, NS
5, 21, 1151.919507, 1868760.0423900587, 0.589, NS
11, 1, 807.6219924, 3943938.8644186566, 0.725, NS
31, 32, 928.3962295, 1782100.8419246008, 0.988, similar
2, 32, 1099.321661, 1528222.087089693, 0.97, similar
22, 14, 962.9864334, 1923360.457641526, 0.972, similar
24, 17, 1204.626467, 4270429.353814579, 0.673, NS
30, 32, 1137.756903, 2823810.9298381577, 0.979, similar
26, 12, 1050.785211, 2708290.1467705513, 0.79, NS
6, 34, 905.8819181, 1281258.7515125733, 1.0, similar
27, 18, 921.2690038, 3829839.8730087127, 0.791, NS
35, 28, 849.3647874, 1038190.1572985301, 0.997, similar
26, 27, 900.5654922, 1702653.4700184725, 0.993, similar
24, 2, 788.9659801, 4197480.768564993, 0.676, NS
25, 8, 997.9900991, 1035109.6472072153, 0.993, similar
27, 29, 1149.57503, 4674836.415551028, 0.582, NS
27, 7, 753.9602131, 3675277.253943983, 0.802, NS
6, 5, 909.1085842, 956091.2650616476, 0.999, similar
20, 34, 775.9201818, 3324135.145694394, 0.407, NS
23, 3, 1206.470392, 2516460.999435748, 0.517, NS
24, 15, 742.3459711, 4439703.578399063, 0.425, NS
7, 27, 1003.750553, 3486828.9834087514, 0.865, NS
8, 33, 635.1849558, 4118083.1746793627, 0.188, NS
15, 16, 850.1816351, 3207638.1928859334, 0.918, NS
28, 3, 903.1471227, 2655225.563873694, 0.791, NS
6, 13, 809.8135303, 3750373.23369181, 0.764, NS
25, 33, 874.3365961, 1565381.9376221378, 0.892, NS
8, 22, 1284.31858, 6574979.062269919, 0.151, NS
23, 29, 891.9609734, 1256334.8784088069, 0.999, similar
4, 6, 1139.172622, 3894665.255326244, 0.252, NS
11, 27, 971.435611, 2406272.219876036, 0.996, similar
23, 34, 872.7060732, 1145016.8480700764, 0.987, similar
15, 3, 966.6519299, 2057470.3042071715, 0.952, similar
13, 23, 978.4266328, 1122906.318387921, 0.997, similar
26, 21, 635.9692133, 4241328.51345594, 0.309, NS
16, 17, 987.6554057, 1122977.9438238498, 1.0, similar
22, 4, 1180.435635, 2358970.6635587174, 0.586, NS
28, 11, 1362.677148, 13354864.681371031, 0.049, dissimilar
34, 32, 1044.435777, 2321547.683546812, 0.999, similar
24, 35, 1108.776302, 2398747.9845682005, 0.87, NS
6, 6, 637.9069293, 5515956.547520874, 0.349, NS
28, 27, 1124.834036, 6327295.358806938, 0.417, NS
16, 5, 825.2035086, 1803073.5083865253, 0.606, NS
34, 7, 977.5739555, 1682369.2083161015, 1.0, similar
16, 11, 1046.745792, 1224407.6039024058, 1.0, similar
35, 2, 1151.142099, 2212275.1755845174, 0.734, NS
3, 27, 765.4165698, 2755046.162156194, 0.766, NS
7, 31, 764.2808, 4744447.2448561955, 0.581, NS
6, 28, 1046.783852, 2397195.5282479064, 0.997, similar
16, 31, 919.4723913, 1446815.4385174124, 0.996, similar
36, 19, 813.886792, 2129139.8424506346, 0.956, similar
3, 26, 1234.042057, 2846392.8019813416, 0.492, NS
21, 6, 1208.567244, 3551498.782228808, 0.389, NS
25, 15, 1240.293319, 1790447.6604012954, 0.804, NS
25, 20, 904.3673204, 2146169.5355476653, 0.646, NS
37, 14, 904.6811688, 1990917.6820521601, 0.823, NS
25, 3, 783.5188276, 2094499.1297996459, 0.69, NS
31, 25, 1315.589955, 2686426.089577487, 0.411, NS
21, 36, 800.7893203, 1087441.755444121, 0.949, NS
14, 26, 1181.099051, 2672066.06190738, 0.776, NS
27, 22, 1102.562113, 2917292.2693028064, 0.961, similar
8, 32, 1080.096549, 1244669.9525075085, 0.994, similar
10, 22, 1053.961186, 5113322.057535156, 0.518, NS
2, 24, 876.8347694, 1428631.507796701, 0.594, NS
26, 29, 905.8719925, 2498758.772073323, 0.82, NS
30, 11, 1117.529631, 6864634.6990417475, 0.366, NS
31, 21, 1232.728199, 2389323.7941019847, 0.584, NS
22, 28, 1254.897385, 4376016.742211048, 0.422, NS
26, 9, 987.6728985, 3351021.092116598, 0.598, NS
37, 10, 1582.374488, 14584156.995074512, 0.003, dissimilar
27, 33, 1432.506165, 7572256.0498324605, 0.203, NS
29, 36, 1031.953817, 861301.8295541987, 0.98, similar
20, 36, 757.3889861, 1772927.3206306852, 0.643, NS
32, 31, 958.4128229, 1719988.2976969709, 1.0, similar
2, 34, 671.6624535, 3077449.8014382673, 0.355, NS
22, 6, 1259.453188, 2613507.3180080373, 0.515, NS
15, 30, 1048.045483, 3235246.8486819398, 0.459, NS
25, 18, 772.6242486, 4426537.840246156, 0.413, NS
31, 19, 845.4723732, 1333603.829310431, 0.944, NS
37, 30, 1091.17081, 2064238.834006457, 0.388, NS
33, 10, 1563.508707, 11616821.235839967, 0.024, dissimilar
16, 32, 1026.637416, 1235183.586410927, 0.999, similar
10, 19, 883.7669843, 1788766.2054043487, 0.983, similar
26, 3, 1389.369572, 7892869.922941432, 0.023, dissimilar
3, 31, 1115.124807, 1918442.7117649827, 0.966, similar
34, 6, 972.6474748, 3266708.152931073, 0.571, NS
13, 19, 689.9770724, 5434734.072359952, 0.319, NS
13, 3, 1367.636719, 12887453.582747284, 0.019, dissimilar
36, 27, 762.7570833, 5459207.875492383, 0.493, NS
35, 17, 1082.663185, 925774.0439890639, 1.0, similar
36, 20, 1190.808945, 6724448.675299967, 0.236, NS
21, 8, 828.5634251, 2429821.630581522, 0.568, NS
27, 23, 1192.312954, 1871552.9873077185, 0.866, NS
15, 25, 1130.826405, 976902.3235662977, 1.0, similar
10, 35, 1285.423506, 3712125.5376848564, 0.524, NS
5, 5, 859.2086954, 498969.5971459438, 0.994, similar
24, 8, 1163.643393, 2779014.5507624852, 0.752, NS
6, 16, 877.7894336, 3541591.4743484478, 0.86, NS
36, 37, 678.700927, 5018227.573542475, 0.531, NS
1, 11, 982.5935661, 3372622.5773775033, 0.575, NS
33, 16, 1163.444407, 2327801.590375852, 0.883, NS
37, 15, 770.7342382, 1751486.3331666475, 0.656, NS
6, 2, 992.3883975, 4128169.6953916317, 0.69, NS
34, 3, 1046.866325, 3545975.5019238465, 0.511, NS
11, 21, 1198.177873, 5591809.122209387, 0.308, NS
16, 36, 1054.062679, 776846.6608703195, 0.986, similar
27, 27, 894.3517385, 2495995.1509599327, 0.991, similar
18, 32, 1047.562342, 2711220.6933759646, 0.993, similar
3, 28, 1246.572799, 6558472.657828787, 0.28, NS
5, 18, 1227.705907, 2950422.2175760753, 0.514, NS
36, 28, 1041.54232, 2667876.195750499, 0.98, similar
19, 30, 1099.279808, 3213270.1500172107, 0.466, NS
22, 8, 1193.340437, 2950075.538155729, 0.463, NS
8, 34, 939.3609163, 607600.2392057682, 0.999, similar
15, 9, 1493.938771, 20414391.728866268, 0.01, dissimilar
31, 14, 712.2682624, 5249369.8439810835, 0.362, NS
33, 4, 1061.721224, 978054.2230922678, 0.991, similar
21, 35, 1145.386371, 1615422.9268067903, 0.891, NS
26, 15, 700.2446949, 2348424.356277621, 0.578, NS
33, 14, 820.6067837, 2993331.198683941, 0.658, NS
27, 8, 1055.523939, 2792798.972455297, 0.741, NS
25, 10, 1034.991567, 1110516.169709865, 1.0, similar
15, 29, 1190.726235, 7080746.066094696, 0.363, NS
36, 32, 1220.14747, 4909266.631337735, 0.553, NS
8, 25, 1033.665955, 438574.48647930316, 0.997, similar
9, 1, 995.4857297, 2508226.1578061464, 0.988, similar
22, 13, 1047.521647, 1060950.89440292, 1.0, similar
33, 20, 1058.458303, 1106530.4287384427, 0.994, similar
33, 29, 837.8610921, 3796128.180560673, 0.49, NS
20, 25, 902.0861255, 644221.0541451642, 0.999, similar
23, 26, 543.4340208, 4896774.694139476, 0.232, NS
7, 4, 1166.524632, 1794500.1899075666, 0.987, similar
35, 32, 785.1822713, 2837067.9388411376, 0.554, NS
15, 7, 1179.157873, 3668008.311101806, 0.817, NS
14, 16, 1043.631851, 3963018.153002963, 0.73, NS
21, 4, 1516.381809, 8594503.809984362, 0.02, dissimilar
1, 19, 1036.656468, 1101233.0157139949, 0.987, similar
2, 3, 1068.851966, 1118527.0989871202, 0.914, NS
19, 21, 795.9559033, 2612217.174436293, 0.791, NS
11, 4, 1108.34325, 1615339.493499265, 0.992, similar
27, 31, 836.6145329, 3189746.4904079377, 0.922, NS
4, 3, 813.5992747, 1489347.8937885372, 0.749, NS
13, 7, 567.0225759, 11514809.091944367, 0.138, NS
20, 32, 1049.997389, 1744857.5875995252, 0.993, similar
34, 34, 1290.702553, 3891990.565579456, 0.458, NS
30, 26, 906.8522138, 1306420.5101841344, 0.999, similar
35, 9, 1263.283218, 2879726.0509864525, 0.554, NS
33, 11, 968.9615635, 1888010.9094960075, 0.975, similar
35, 8, 615.9213533, 5284230.310914506, 0.089, NS
19, 34, 962.1874913, 1207757.4399505125, 1.0, similar
8, 36, 1205.227842, 1230516.53842996, 0.712, NS
20, 22, 533.6431391, 6681246.9118414195, 0.252, NS
28, 33, 871.7544033, 2419992.4249591664, 0.876, NS
10, 27, 984.1871861, 4295106.914766963, 0.659, NS
8, 35, 727.9791435, 2957830.091204874, 0.36, NS
9, 12, 1322.647003, 6995890.194715556, 0.379, NS
12, 20, 985.7693826, 1010191.8653100287, 1.0, similar
17, 26, 1061.144657, 2157578.275856662, 0.931, NS
13, 12, 1185.393903, 8423751.516289074, 0.328, NS