O, D, V, GetisG, p-value, pattern
18, 29, 509.862953, -2.5387122177416686, 0.999, cold
32, 9, 510.2795344, -3.884149946547354, 1.0, cold
10, 9, 502.0566553, -6.902875261775503, 1.0, cold
3, 18, 497.8527057, -9.005902134174505, 1.0, cold
14, 18, 497.8675657, -10.711801177416126, 1.0, cold
32, 1, 502.6883595, -7.2079116785331125, 1.0, cold
7, 10, 502.1935323, -5.65577487056987, 1.0, cold
17, 13, 503.0305898, -6.895144879134612, 1.0, cold
34, 14, 493.5922137, -4.5234485659120525, 1.0, cold
32, 24, 494.7330371, -4.875494399735055, 1.0, cold
32, 37, 500.461671, -6.410244453572793, 1.0, cold
14, 37, 504.3007008, -10.707057359150683, 1.0, cold
4, 10, 492.8067166, -7.95809816324795, 1.0, cold
7, 2, 497.642196, -2.3231973720813057, 0.992, cold
30, 20, 497.804498, -9.008924991060711, 1.0, cold
20, 21, 504.545179, -4.314380446916849, 1.0, cold
28, 10, 497.2655476, -6.968206155700038, 1.0, cold
20, 20, 494.9313573, -5.523005780472113, 1.0, cold
32, 21, 499.4766589, -4.003878107030181, 1.0, cold
7, 20, 499.3831047, -3.7867685989671522, 1.0, cold
7, 21, 498.4986973, -2.34804565179076, 0.992, cold
7, 9, 504.7609707, -3.420074065794858, 0.999, cold
29, 37, 503.251131, -6.80257924151776, 1.0, cold
13, 20, 492.7667862, -8.995924674145268, 1.0, cold
4, 2, 503.8920059, -5.284140535588999, 1.0, cold
29, 14, 498.490613, -6.8769417017175885, 1.0, cold
8, 9, 500.4713394, -4.916400710293092, 1.0, cold
17, 37, 496.3842368, -10.71572554374418, 1.0, cold
29, 1, 498.6429888, -6.811920195215155, 1.0, cold
28, 13, 491.561087, -4.154863050197935, 1.0, cold
13, 24, 497.7202071, -8.014527574224333, 1.0, cold
13, 29, 501.8571814, -4.986533846395194, 1.0, cold
29, 18, 498.4926555, -7.46375600279202, 1.0, cold
4, 37, 502.2033814, -7.975226505391022, 1.0, cold
8, 21, 501.8591825, -4.881726235124981, 1.0, cold
3, 9, 493.1235935, -5.765661876241761, 1.0, cold
3, 30, 502.2024834, -6.658352377741154, 1.0, cold
10, 10, 500.9922515, -10.692092479316395, 1.0, cold
17, 1, 499.8526132, -10.713645715248406, 1.0, cold
13, 14, 496.2005079, -10.713771404823206, 1.0, cold
1, 8, 499.4071503, -5.3153860865885445, 1.0, cold
28, 21, 495.5140277, -4.074182936493687, 1.0, cold
20, 14, 496.9702656, -6.869028646292649, 1.0, cold
13, 15, 500.9570422, -8.973205415167953, 1.0, cold
20, 29, 503.0793019, -3.0033968892067926, 0.998, cold
28, 15, 501.9450432, -5.910831978505496, 1.0, cold
3, 15, 501.1309213, -7.533398697505662, 1.0, cold
32, 30, 504.2956249, -5.395521337346218, 1.0, cold
1, 18, 498.4995697, -9.008525207809825, 1.0, cold
32, 10, 493.6895257, -7.23618231137686, 1.0, cold
32, 18, 503.1908551, -6.7076647273063505, 1.0, cold
29, 8, 497.4363044, -4.100992239431894, 1.0, cold
17, 24, 491.7906429, -7.986012971349732, 1.0, cold
14, 14, 504.1939116, -10.71480891976167, 1.0, cold
4, 17, 500.1531871, -3.41323029815627, 0.999, cold
28, 17, 494.923258, -2.3634233854635367, 0.995, cold
8, 18, 498.1984773, -8.010834823370864, 1.0, cold
10, 17, 498.3963235, -4.601049193199544, 1.0, cold
1, 37, 498.3083324, -8.978580705352075, 1.0, cold
10, 20, 499.2534264, -8.987574396415054, 1.0, cold
7, 17, 505.9968753, -1.5514160151716323, 0.937, NS
34, 29, 496.1309104, -1.7379734579300685, 0.956, cold
8, 20, 500.5842958, -6.707340691251194, 1.0, cold
28, 29, 491.1785335, -2.3927287628070535, 0.99, cold
10, 14, 506.8010859, -10.719138552162402, 1.0, cold
1, 9, 501.3194192, -5.417353755901633, 1.0, cold
18, 20, 494.363416, -5.646914792199316, 1.0, cold
18, 9, 498.6753871, -3.7940295851571926, 1.0, cold
7, 29, 505.2939934, -1.5564230489610311, 0.935, NS
13, 13, 495.1683751, -7.029080316477167, 1.0, cold
8, 24, 493.1673826, -5.9601022661609, 1.0, cold
14, 10, 501.6873117, -10.674040253883211, 1.0, cold
30, 29, 489.3857077, -3.991822851908597, 1.0, cold
20, 15, 495.7526741, -6.1263672729637175, 1.0, cold
18, 8, 510.9089161, -4.2860182425604005, 1.0, cold
17, 14, 496.8266057, -10.721335892207266, 1.0, cold
17, 2, 496.5575277, -6.592488587329311, 1.0, cold
8, 17, 497.1102826, -3.4458954514891538, 0.999, cold
3, 29, 489.7173312, -4.743837124434921, 1.0, cold
10, 18, 493.951333, -10.721311005077368, 1.0, cold
8, 37, 503.7991679, -7.966762509022529, 1.0, cold
13, 21, 507.7113494, -6.369629495235996, 1.0, cold
10, 21, 501.8529336, -6.622141882743432, 1.0, cold
18, 14, 506.9007251, -7.02761746155838, 1.0, cold
28, 20, 493.6421904, -5.684542265466407, 1.0, cold
17, 18, 506.7685321, -10.747369204063684, 1.0, cold
7, 30, 505.0482497, -4.286950123608296, 1.0, cold
8, 29, 498.5534778, -2.673010280552093, 0.996, cold
34, 1, 504.118781, -5.149871222189223, 1.0, cold
34, 13, 499.8224022, -3.2037664801531385, 0.997, cold
3, 20, 496.7095934, -7.538221226500236, 1.0, cold
29, 24, 492.4042097, -5.3700426786810525, 1.0, cold
13, 17, 495.025505, -4.178351766471936, 1.0, cold
10, 37, 496.6721585, -10.716037456265763, 1.0, cold
8, 8, 487.6214387, -5.107955492292314, 1.0, cold
30, 1, 504.3947677, -10.739220973763699, 1.0, cold
29, 9, 502.9043184, -3.922550529750904, 1.0, cold
32, 13, 496.8759097, -4.392886383628919, 1.0, cold
34, 20, 499.5898923, -3.7406977889564637, 1.0, cold
8, 1, 498.7617128, -7.975522991906657, 1.0, cold
14, 2, 498.330729, -5.940129734522689, 1.0, cold
28, 24, 503.4934272, -5.094150095968415, 1.0, cold
17, 8, 502.8125963, -6.330260510881877, 1.0, cold
3, 8, 499.2605834, -5.505149426591289, 1.0, cold
4, 18, 494.1858899, -7.991419390504272, 1.0, cold
30, 15, 506.9141469, -8.983897934256696, 1.0, cold
32, 15, 502.298308, -5.500224043657099, 1.0, cold
4, 24, 502.4423075, -5.930047401497989, 1.0, cold
20, 1, 502.706761, -6.860823059581352, 1.0, cold
34, 24, 503.4623911, -3.2584941089272297, 0.999, cold
1, 15, 500.5102384, -7.5191396154984185, 1.0, cold
3, 2, 492.0403689, -5.270783976746065, 1.0, cold
29, 15, 500.2317486, -5.810365406271608, 1.0, cold
17, 9, 504.306209, -6.776938413905223, 1.0, cold
1, 1, 504.1475456, -8.980523892397356, 1.0, cold
34, 18, 505.4443478, -4.380206391901344, 1.0, cold
20, 37, 500.5384099, -6.938986422894936, 1.0, cold
18, 21, 494.2154585, -3.936383180389017, 1.0, cold
3, 13, 507.4788077, -6.244890985174847, 1.0, cold
28, 1, 509.622233, -6.718507432921901, 1.0, cold
20, 18, 496.8343186, -7.01332145193529, 1.0, cold
32, 2, 504.7380863, -3.312801398772331, 0.999, cold
14, 8, 490.3725328, -7.02737078698017, 1.0, cold
4, 9, 502.1441805, -4.881040182719328, 1.0, cold
14, 9, 495.3301652, -7.109185318350597, 1.0, cold
18, 2, 500.3402847, -4.175450554284983, 1.0, cold
8, 30, 502.2907679, -5.927623976533789, 1.0, cold
3, 21, 493.7909246, -5.189235745772803, 1.0, cold
28, 14, 500.7732506, -6.5977718049189535, 1.0, cold
34, 21, 511.7099902, -2.2329306023985938, 0.989, cold
32, 17, 499.339625, -1.9578962528853812, 0.977, cold
4, 30, 497.1817362, -5.909526747315231, 1.0, cold
18, 24, 500.5272598, -4.898402719610813, 1.0, cold
32, 8, 506.5768103, -3.7653495132087973, 1.0, cold
4, 13, 499.6950396, -5.572669926447432, 1.0, cold
1, 20, 491.6893274, -7.537640890116096, 1.0, cold
10, 29, 503.6369313, -4.737161932558885, 1.0, cold
14, 30, 495.5412767, -7.931643056182982, 1.0, cold
20, 8, 507.4745973, -4.174873389500655, 1.0, cold
4, 29, 491.5256788, -4.160373718784889, 1.0, cold
10, 2, 495.9437496, -6.631122659637016, 1.0, cold
34, 30, 509.7865642, -3.899268540490732, 1.0, cold
4, 21, 501.1355956, -5.125431104980392, 1.0, cold
32, 14, 496.9342449, -6.903626000729053, 1.0, cold
30, 21, 495.6533941, -6.5343057360059875, 1.0, cold
18, 30, 504.6888585, -6.118429310479368, 1.0, cold
1, 21, 500.4492139, -5.1430367321038295, 1.0, cold
3, 17, 508.3830153, -3.685827958321075, 1.0, cold
34, 9, 502.1871909, -2.5170071741513382, 0.994, cold
34, 15, 500.0769136, -3.7021471220488062, 1.0, cold
29, 13, 506.6050044, -3.5819127099185972, 1.0, cold
7, 14, 498.6535288, -5.071361886083336, 1.0, cold
30, 2, 497.2990134, -6.63897070658863, 1.0, cold
10, 15, 496.0454152, -8.962323142220603, 1.0, cold
20, 30, 486.6404924, -5.631974572131631, 1.0, cold
8, 14, 490.8562523, -7.975640959761251, 1.0, cold
3, 37, 517.2709242, -8.995868800713016, 1.0, cold
17, 29, 491.3073555, -5.498740059006146, 1.0, cold
34, 8, 504.7887512, -2.689125374488907, 0.996, cold
14, 13, 496.1991287, -6.86323830788463, 1.0, cold
18, 15, 501.0165807, -6.345477373439925, 1.0, cold
20, 10, 500.9962697, -7.201541776171016, 1.0, cold
14, 29, 496.6776632, -4.618827811926256, 1.0, cold
29, 21, 491.5453445, -4.552679048443433, 1.0, cold
18, 18, 504.0175409, -7.003337072501399, 1.0, cold
14, 24, 493.9669387, -7.975628276331719, 1.0, cold
7, 37, 506.6833538, -5.353552932720793, 1.0, cold
13, 8, 509.9404403, -6.90579910054095, 1.0, cold
34, 37, 506.7201657, -4.649485020004595, 1.0, cold
30, 17, 493.866123, -4.982600507330862, 1.0, cold
3, 14, 503.7830118, -8.995422774203744, 1.0, cold
20, 17, 494.5974208, -3.4370310154917285, 1.0, cold
29, 20, 498.3163484, -6.133748881418078, 1.0, cold
28, 2, 494.2398608, -3.9069377023937872, 1.0, cold
18, 1, 494.7058948, -7.1147864727835985, 1.0, cold
14, 21, 499.2171387, -6.225972734553442, 1.0, cold
28, 8, 502.8304272, -4.712277449889001, 1.0, cold
8, 13, 499.2848907, -5.0334071421286515, 1.0, cold
10, 30, 500.2356392, -7.9502045079996035, 1.0, cold
30, 8, 497.4096151, -7.00141900186198, 1.0, cold
13, 30, 502.7177385, -7.960646855430452, 1.0, cold
30, 9, 502.6271817, -6.961972198236927, 1.0, cold
34, 2, 504.1738739, -2.255345398404647, 0.989, cold
28, 9, 494.8406737, -4.477301944630662, 1.0, cold
3, 10, 509.9599975, -8.96672279313595, 1.0, cold
7, 8, 499.8906585, -3.751860881574817, 1.0, cold
30, 37, 494.5336682, -10.71675382368642, 1.0, cold
30, 18, 496.7614518, -10.744901901057577, 1.0, cold
29, 29, 500.0615471, -2.1746565537860607, 0.982, cold
34, 10, 499.9030271, -5.519943982998125, 1.0, cold
13, 10, 493.0906869, -10.692620188355148, 1.0, cold
7, 1, 504.1717093, -4.845218641338013, 1.0, cold
8, 10, 495.6800137, -7.974421382304541, 1.0, cold
1, 29, 506.8429684, -3.68183735157792, 0.999, cold
4, 20, 501.3635532, -6.690315705270507, 1.0, cold
7, 24, 502.0931619, -3.3141703196587713, 1.0, cold
20, 2, 499.1232532, -4.688830931649511, 1.0, cold
4, 15, 502.3733742, -6.696068862819732, 1.0, cold
32, 29, 498.1004241, -2.677691623060943, 0.997, cold
3, 24, 501.1403465, -6.697696186307585, 1.0, cold
1, 14, 501.5182548, -8.986863172552738, 1.0, cold
8, 2, 505.2550071, -4.852448510459289, 1.0, cold
32, 20, 496.121361, -5.8462752098942605, 1.0, cold
1, 17, 499.8659633, -3.6460462634504607, 1.0, cold
30, 14, 500.2648766, -10.732399801270663, 1.0, cold
28, 37, 496.3693771, -7.0876701960373545, 1.0, cold
20, 9, 498.1734489, -3.9346725024074822, 1.0, cold
7, 18, 499.5848303, -4.718258818833862, 1.0, cold
30, 10, 496.101454, -10.7110011352315, 1.0, cold
13, 9, 495.14047, -7.045621677503353, 1.0, cold
20, 24, 505.4864105, -4.902777357720424, 1.0, cold
18, 10, 504.6714646, -7.812909173623964, 1.0, cold
4, 8, 496.4520072, -4.683384654582356, 1.0, cold
4, 1, 495.8182441, -7.961029490562761, 1.0, cold
17, 17, 499.6538976, -4.415521488647155, 1.0, cold
1, 13, 500.4768851, -5.7394408612766235, 1.0, cold
1, 2, 499.6066358, -5.098024511429148, 1.0, cold
13, 2, 498.2459314, -6.174466491826141, 1.0, cold
13, 18, 496.1502091, -10.743511902939337, 1.0, cold
13, 37, 494.6069268, -10.706320805097098, 1.0, cold
10, 13, 496.0442723, -6.705218357621997, 1.0, cold
29, 2, 494.0285693, -4.337723915342009, 1.0, cold
10, 24, 498.1610462, -8.001306717949843, 1.0, cold
29, 17, 500.9087444, -2.4548354513676065, 0.996, cold
29, 30, 501.8768491, -4.974190983898673, 1.0, cold
3, 1, 495.4525457, -8.971021799716434, 1.0, cold
17, 30, 501.367814, -7.957837553605539, 1.0, cold
17, 20, 487.1914431, -8.982500969289571, 1.0, cold
10, 8, 503.9201727, -6.775189001848188, 1.0, cold
18, 37, 506.6551745, -6.97273312928358, 1.0, cold
10, 1, 513.0866272, -10.732826871674442, 1.0, cold
28, 30, 507.6472, -5.22149421405953, 1.0, cold
30, 13, 501.3224167, -6.669936787379608, 1.0, cold
29, 10, 505.6343187, -6.695944429882798, 1.0, cold
18, 13, 500.8569909, -4.546983765644014, 1.0, cold
14, 17, 501.2988941, -4.537476399999395, 1.0, cold
1, 24, 494.1248724, -6.704222946557776, 1.0, cold
8, 15, 496.638484, -6.674311066515174, 1.0, cold
14, 1, 497.2077898, -10.705410076466828, 1.0, cold
34, 17, 495.9817757, -1.9941856907130115, 0.974, cold
4, 14, 492.6902274, -7.973549675246722, 1.0, cold
18, 17, 499.7509256, -3.3961522320423896, 0.999, cold
14, 15, 497.7429344, -8.96954698270941, 1.0, cold
28, 18, 499.1117125, -7.155522419995886, 1.0, cold
1, 30, 494.9390404, -6.658720089986762, 1.0, cold
30, 24, 492.366455, -8.016699453313006, 1.0, cold
30, 30, 504.4995663, -7.966879657043922, 1.0, cold
17, 21, 506.1223702, -6.434703356411036, 1.0, cold
13, 1, 493.2936669, -10.711026564438242, 1.0, cold
1, 10, 497.4561568, -8.964905979868572, 1.0, cold
7, 15, 499.168716, -4.466897793616493, 1.0, cold
17, 10, 499.665335, -10.69436616665313, 1.0, cold
7, 13, 500.1311622, -3.2304072823321377, 0.999, cold
17, 15, 502.1869488, -8.988014028235469, 1.0, cold
20, 13, 500.8953649, -4.658127120915237, 1.0, cold
14, 20, 502.2665813, -8.988361834728735, 1.0, cold
34, 26, 1076.605089, 2.654303303056793, 0.002, hot
30, 33, 1171.023452, 1.4110424567633426, 0.082, NS
30, 34, 1163.190491, 2.60219169397866, 0.003, hot
25, 14, 1234.94506, 3.556328884055623, 0.0, hot
1, 25, 1146.087541, 1.7050084064003577, 0.041, hot
2, 4, 797.9665666, 1.5085916380561588, 0.062, NS
22, 35, 876.0076479, 1.903052816978717, 0.025, hot
12, 29, 1078.112573, 3.1287836276467362, 0.001, hot
30, 5, 887.1731505, 1.4993570803953256, 0.075, NS
25, 9, 774.1235597, 2.2656412196933653, 0.005, hot
30, 22, 1126.077523, -1.0113693073315864, 0.838, NS
29, 33, 1359.041133, 2.073549867817355, 0.022, hot
3, 33, 925.5576207, 2.3620402633983337, 0.005, hot
4, 33, 1049.278831, 2.1841749865626445, 0.018, hot
32, 6, 767.0553331, -1.2864539944150868, 0.882, NS
36, 8, 934.2228389, -1.0234309920870526, 0.857, NS
14, 6, 1165.17425, -3.707550442070255, 1.0, cold
37, 25, 1199.015973, 2.0923663208738694, 0.017, hot
4, 32, 1157.702772, 2.5627689570058383, 0.006, hot
35, 30, 1077.147147, 1.7344717746711094, 0.037, hot
11, 18, 794.2234918, -0.5201133822677827, 0.69, NS
18, 12, 1285.733786, -0.3030446888600347, 0.634, NS
17, 32, 1071.499816, 2.6655892443961684, 0.007, hot
5, 20, 1013.592702, 2.8080899160505757, 0.002, hot
16, 9, 1172.683425, 1.5646559677852745, 0.057, NS
22, 36, 1176.248076, 1.6139602415416687, 0.048, hot
16, 12, 1149.764755, 2.0858097476033555, 0.016, hot
9, 33, 822.3561855, 2.3483650953199633, 0.01, hot
23, 20, 1102.906806, 1.918825070331427, 0.03, hot
28, 4, 1076.685933, 2.52084379959894, 0.005, hot
22, 7, 1124.624668, 0.8835983356824244, 0.184, NS
16, 2, 1182.501069, 0.8778950203919091, 0.176, NS
2, 33, 1156.285638, 1.6264349172277692, 0.059, NS
12, 8, 986.3183258, 3.657829421471598, 0.0, hot
23, 31, 996.0934382, 1.4003074689763386, 0.081, NS
27, 17, 932.024201, 1.6453466119798918, 0.049, hot
15, 35, 1086.465317, 2.6380083682957154, 0.008, hot
35, 22, 1080.169936, 0.9343552056134994, 0.181, NS
3, 32, 1104.553884, 3.0764082478327754, 0.002, hot
27, 35, 1164.383181, 1.9278509991544062, 0.022, hot
9, 17, 859.6591264, 3.470623631583212, 0.001, hot
26, 4, 1100.501257, 1.4140101367878415, 0.06, NS
17, 27, 1082.974361, -2.2348647314215384, 0.987, cold
4, 28, 584.4212667, 0.45716524971273514, 0.307, NS
8, 26, 937.0536969, 1.7446094078479812, 0.044, hot
19, 20, 1259.939835, 0.23785919187817106, 0.422, NS
2, 2, 725.762395, 2.007169439297718, 0.029, hot
19, 32, 1405.248814, 2.820267622625878, 0.002, hot
16, 8, 1069.052001, 1.7057816825182257, 0.036, hot
19, 8, 1002.530685, 0.7990565730987315, 0.221, NS
27, 30, 1064.760401, 0.061100491266093036, 0.488, NS
23, 18, 1237.49804, 1.6296296416659926, 0.06, NS
34, 28, 1207.057143, 1.6810549763643245, 0.045, hot
27, 10, 481.6758641, 0.07149572752611733, 0.48, NS
26, 11, 903.3232965, 0.3912158664799024, 0.343, NS
11, 5, 1011.817327, 2.2804616424238233, 0.012, hot
13, 35, 1378.860296, 3.205898457117118, 0.001, hot
9, 21, 1122.824408, 1.5884941140433653, 0.058, NS
23, 25, 774.7339878, 0.7548870160946506, 0.232, NS
32, 36, 1056.451, 1.907148820398863, 0.032, hot
14, 4, 948.0707723, 2.4101498153784484, 0.005, hot
9, 10, 944.6584668, 2.2408022492919395, 0.012, hot
28, 26, 781.6817579, 1.77017377817517, 0.04, hot
10, 36, 937.4327343, 1.8653687928856952, 0.029, hot
34, 4, 1319.96866, 1.9721724791939967, 0.015, hot
14, 25, 804.9945072, 0.6800367817819326, 0.247, NS
15, 24, 1250.188262, -1.208896738379008, 0.898, NS
37, 31, 968.9715507, 1.0383313531418166, 0.149, NS
23, 14, 882.3077828, 2.629070968530634, 0.004, hot
26, 16, 1511.495654, 2.069341549032213, 0.014, hot
21, 22, 1106.779885, 0.16579774358431673, 0.453, NS
9, 7, 1242.84611, 2.2466033885647008, 0.021, hot
23, 35, 1094.683449, 0.47288742236227566, 0.33, NS
8, 16, 821.6994351, 1.027505324352549, 0.146, NS
1, 34, 1203.995444, 1.243701480262318, 0.126, NS
17, 3, 1106.865985, -2.2693834223927376, 0.979, cold
6, 21, 809.7034406, -0.20673232555463947, 0.597, NS
19, 4, 1021.039011, 2.1816686590181082, 0.012, hot
9, 15, 852.9256148, 2.487202005893546, 0.005, hot
12, 36, 1297.784958, 1.9507600540007468, 0.02, hot
19, 11, 955.1516429, 1.5498262569274688, 0.061, NS
29, 35, 1131.957011, 2.863265142425348, 0.001, hot
21, 1, 840.6672835, -2.5793264531607263, 0.995, cold
32, 19, 1051.140303, 2.331468501079379, 0.011, hot
35, 35, 952.9103368, 2.745579772155339, 0.005, hot
23, 8, 1056.421092, 1.559638031759237, 0.049, hot
20, 11, 1214.280689, -0.8923758085048923, 0.828, NS
12, 22, 1020.055444, 1.1717195930559392, 0.116, NS
9, 22, 906.8931224, 1.3250452565789186, 0.087, NS
15, 19, 1085.108398, 0.7538521761323073, 0.199, NS
11, 14, 847.9829771, -1.6868143327018175, 0.955, cold
26, 17, 1242.549797, -0.5179583562594785, 0.688, NS
20, 35, 976.6659522, 1.8646469508236858, 0.036, hot
29, 19, 948.9864335, 2.427764895883175, 0.006, hot
12, 11, 933.8535432, 2.460500213298433, 0.008, hot
15, 31, 1029.564553, 3.0653082691345244, 0.001, hot
5, 36, 822.5908708, 0.9924286177421876, 0.17, NS
35, 29, 1106.497813, 2.381753724576234, 0.006, hot
4, 22, 865.6555879, -0.8116118379766165, 0.79, NS
21, 29, 1075.125273, -0.33971676355657715, 0.657, NS
5, 31, 603.0576946, 2.129687480002642, 0.026, hot
32, 34, 1243.11971, 3.761447181540243, 0.001, hot
30, 4, 960.9093225, 1.5031900506989055, 0.075, NS
35, 24, 925.0362489, 0.7406040212918008, 0.224, NS
34, 16, 696.6500747, 0.9080994156658063, 0.173, NS
15, 6, 1139.452617, 1.1002733667217344, 0.158, NS
35, 15, 851.6513388, 2.8284768096879938, 0.002, hot
12, 27, 1064.465439, 3.543630035927181, 0.0, hot
28, 23, 1062.277975, 2.47845040758454, 0.007, hot
6, 37, 904.7510398, -1.5383725234317978, 0.932, NS
30, 28, 845.0672828, 0.9512193522130801, 0.171, NS
12, 19, 894.2677293, 0.9885275444252034, 0.167, NS
14, 33, 447.3292476, 1.2960915841551353, 0.096, NS
31, 8, 802.5048604, 2.1764291656544876, 0.007, hot
37, 17, 1035.30397, 0.9977232307724394, 0.135, NS
23, 7, 1165.843355, 0.605717363270112, 0.271, NS
34, 22, 1444.066894, -0.2889101190722818, 0.613, NS
13, 4, 1001.124587, 2.111704825044866, 0.016, hot
10, 4, 997.68142, 2.2316639378685523, 0.014, hot
37, 22, 1007.494471, 1.4452497449017259, 0.067, NS
12, 9, 1300.135709, 3.2372960563917546, 0.0, hot
25, 26, 980.3618232, 1.0836741340760516, 0.13, NS
33, 25, 1150.247482, 1.9440775826773855, 0.023, hot
31, 5, 1150.709524, 2.233004601658175, 0.015, hot
34, 27, 1298.973862, 0.7437777486088983, 0.241, NS
1, 12, 608.8993937, -0.16006399360653562, 0.566, NS
3, 7, 1067.988302, 1.8919810289327375, 0.03, hot
7, 16, 1288.473102, 1.2860375835040332, 0.123, NS
19, 17, 894.8446313, 1.1167531203609808, 0.131, NS
13, 36, 1127.220453, 1.959338802851194, 0.026, hot
36, 15, 607.0596702, -1.869046482926928, 0.958, cold
2, 36, 778.4137274, 1.5536081037297158, 0.069, NS
5, 11, 1260.793951, 0.33836110549462983, 0.367, NS
5, 26, 1022.958387, 1.2915298841186997, 0.086, NS
4, 26, 766.5735146, 1.0337931112662042, 0.138, NS
1, 6, 930.2858858, -1.608130182486577, 0.953, cold
22, 9, 800.0478334, 2.281393973209381, 0.006, hot
8, 3, 987.7484923, -1.1836251336397563, 0.888, NS
28, 32, 826.6948413, 3.773822875501026, 0.0, hot
11, 24, 829.292674, 0.08940757352749751, 0.465, NS
36, 17, 718.7864001, -0.584275487757086, 0.717, NS
21, 12, 735.8023907, 0.6375665495964997, 0.253, NS
33, 37, 953.9456308, 4.51395578513049, 0.0, hot
32, 22, 932.8545814, 0.300984594538851, 0.378, NS
5, 14, 1261.495109, 2.7011283727738005, 0.002, hot
21, 25, 1040.665952, 2.115790771057672, 0.02, hot
12, 21, 1153.511126, 1.5068938891977284, 0.045, hot
37, 27, 1152.185937, 2.405210043362892, 0.008, hot
8, 4, 796.0553281, 1.3967977153097517, 0.087, NS
33, 17, 992.4051319, 2.9431377623142243, 0.0, hot
29, 25, 749.6140073, 0.7614223267984768, 0.249, NS
26, 33, 792.5458215, 3.0162519179836047, 0.003, hot
16, 16, 1004.933735, 1.7511924412201865, 0.037, hot
31, 34, 1159.101988, 1.084351731152995, 0.146, NS
30, 19, 825.4739723, 2.0882372767346147, 0.016, hot
9, 19, 972.5387347, 1.1216364511799086, 0.117, NS
5, 25, 1133.356619, 1.8325552655627002, 0.039, hot
26, 5, 1128.246533, 1.4675684884060813, 0.065, NS
17, 7, 1060.250842, 1.9676870125116812, 0.023, hot
9, 26, 936.0004269, 2.19221973317472, 0.013, hot
31, 33, 1195.368113, 1.900857533415415, 0.033, hot
10, 31, 1024.286403, 3.7577040008261715, 0.0, hot
36, 18, 1305.479931, -2.011033421961315, 0.978, cold
8, 5, 960.9368103, 1.2407777752535658, 0.105, NS
24, 5, 755.7016729, 2.1121195106813544, 0.028, hot
34, 35, 1085.459377, 2.8434627986049064, 0.007, hot
25, 31, 825.0555747, 1.2553615745108844, 0.117, NS
31, 10, 876.2311175, 2.2399212570437954, 0.009, hot
5, 22, 1003.01531, 2.8887537538043664, 0.001, hot
23, 23, 845.1598566, 1.5922180822564953, 0.054, NS
12, 10, 870.1620213, 3.523363339213069, 0.0, hot
33, 1, 1011.748351, 2.625748727917581, 0.001, hot
20, 3, 983.8466531, -2.3946777462092985, 0.992, cold
2, 23, 1250.40571, 0.5383307009875293, 0.3, NS
9, 34, 732.0771565, 2.2960708149601183, 0.014, hot
25, 28, 765.941417, 1.5745784267672784, 0.063, NS
25, 17, 1147.234649, 1.9492367435791218, 0.022, hot
21, 5, 1297.702802, 0.951071074594484, 0.161, NS
15, 13, 979.4889908, -0.48810069850613336, 0.66, NS
31, 17, 964.5276955, 2.2987209593587274, 0.008, hot
21, 18, 1422.061465, -3.1707662659228553, 1.0, cold
33, 8, 860.1308593, 2.5609348738333395, 0.005, hot
3, 6, 1179.878649, -2.444239572745011, 0.994, cold
25, 19, 811.1030303, 2.647219835505778, 0.001, hot
32, 5, 840.6053529, 3.843394465030535, 0.0, hot
27, 13, 1120.477222, 0.9038738924825952, 0.197, NS
35, 10, 1296.093818, 2.5108341436754356, 0.007, hot
35, 16, 1256.216556, 1.8256819068298682, 0.032, hot
2, 27, 956.2329269, 0.3668035181164008, 0.348, NS
27, 4, 592.460227, 1.4021522368988377, 0.072, NS
12, 25, 1086.92166, 2.830325012255047, 0.001, hot
32, 32, 1037.307773, 2.608101501667036, 0.003, hot
35, 5, 1365.921756, 1.9677703481985016, 0.019, hot
2, 16, 1316.026406, 1.4884694153580968, 0.068, NS
29, 27, 861.8442603, -1.3215206476228307, 0.903, NS
7, 22, 1066.577683, 0.9000224930550443, 0.182, NS
4, 12, 1007.853021, -0.36310446096608096, 0.64, NS
26, 10, 1183.698603, -2.248948097326077, 0.992, cold
22, 10, 308.0151238, 1.0072773156817083, 0.18, NS
18, 23, 1043.609912, 2.019844787779221, 0.018, hot
2, 26, 850.7825993, 0.73296438814714, 0.224, NS
26, 18, 950.424581, -2.156116020860292, 0.988, cold
14, 32, 1053.234641, 2.5330591709253096, 0.006, hot
20, 28, 817.0812624, 0.960565845506513, 0.177, NS
26, 26, 987.0768045, 0.8175576203491739, 0.204, NS
16, 4, 1172.715324, 0.6970905105471474, 0.231, NS
27, 2, 1406.401825, 1.4288180618504296, 0.069, NS
37, 8, 882.7699092, 1.1856590846204142, 0.1, NS
22, 11, 745.6842997, 1.1889514090258868, 0.114, NS
37, 32, 915.6210051, 1.1614209164209754, 0.107, NS
24, 7, 1276.039536, 1.5358433429662002, 0.086, NS
36, 12, 1090.920705, 0.5003006498015233, 0.301, NS
26, 34, 1080.623513, 2.382095745162859, 0.008, hot
15, 23, 1057.27013, 1.2633546219870484, 0.092, NS
9, 4, 838.8662134, 2.2571998223014225, 0.014, hot
23, 28, 1022.899351, 0.9986573610839993, 0.167, NS
15, 21, 982.4867162, -0.6726021959435958, 0.746, NS
9, 36, 732.1972054, 2.575331018300769, 0.004, hot
36, 3, 1421.169808, 0.04139861928691058, 0.485, NS
24, 32, 991.1226343, 2.1103519187747093, 0.015, hot
1, 23, 1285.805614, 2.0436671173767627, 0.02, hot
24, 33, 1210.962032, 1.6320203385659808, 0.057, NS
12, 23, 607.1284846, 0.660030795661805, 0.264, NS
30, 7, 1260.108391, 2.9540944198067907, 0.002, hot
23, 4, 1270.556704, 0.12583568467699816, 0.439, NS
22, 27, 764.719202, 2.513713967694735, 0.004, hot
11, 30, 839.162702, -1.3833586617331795, 0.924, NS
1, 16, 1141.644043, 0.23891491790176006, 0.389, NS
37, 3, 969.1001141, 1.0135781998175497, 0.181, NS
18, 19, 1099.526336, 1.3322186870652928, 0.096, NS
9, 18, 878.7184522, 2.5220330070040635, 0.005, hot
27, 16, 998.1510111, 2.8567943042016566, 0.001, hot
27, 11, 868.3094824, 1.4547181977178505, 0.07, NS
3, 22, 1182.272765, -0.4288637993358996, 0.683, NS
33, 34, 1206.332136, 1.4397937562876446, 0.081, NS
15, 14, 1109.003274, -1.5640470030656373, 0.942, NS
17, 36, 1275.547529, 0.871786398079396, 0.204, NS
19, 37, 924.7047794, 0.6867614696472489, 0.239, NS
27, 34, 864.249672, 2.038547967584583, 0.022, hot
3, 34, 866.5782409, 2.5676954259267037, 0.004, hot
37, 28, 1026.670054, 1.8917616694665371, 0.033, hot
6, 22, 1277.028344, 2.5961603989544466, 0.008, hot
21, 17, 812.2508587, -1.6933280680495773, 0.954, cold
33, 21, 851.4322129, 0.9392988403438727, 0.173, NS
2, 22, 990.8835368, 0.8254106792602309, 0.202, NS
31, 6, 876.2333159, 1.9776484498228677, 0.021, hot
20, 12, 631.7188049, -0.20320073742535813, 0.599, NS
25, 23, 1144.582971, 1.9305122353591033, 0.03, hot
29, 4, 656.1866149, 1.6490265288496824, 0.05, hot
31, 31, 767.0544152, 2.2758832811775336, 0.007, hot
31, 23, 958.629427, 1.0418312244354033, 0.146, NS
25, 24, 954.205001, 2.4821089803914487, 0.004, hot
9, 23, 928.0253031, 0.9920393773427965, 0.16, NS
23, 33, 1014.397218, 1.7304316796971533, 0.059, NS
27, 21, 819.9890655, 0.966793523602315, 0.163, NS
22, 17, 1009.434016, 1.1379611618412475, 0.125, NS
4, 27, 890.7741415, -1.3481249363299233, 0.913, NS
4, 5, 1030.730065, 1.9200318848893334, 0.027, hot
2, 20, 1180.690771, 0.5679668951161873, 0.275, NS
28, 31, 1074.395992, 3.91628423232197, 0.0, hot
33, 19, 1042.864838, 0.8239032172654106, 0.191, NS
35, 21, 907.4500693, 0.7075933693008098, 0.231, NS
36, 21, 861.9104138, -0.6749817781606794, 0.759, NS
36, 22, 608.6624594, 0.7944840035075449, 0.22, NS
18, 35, 646.201738, 3.3163338004799905, 0.0, hot
33, 18, 775.0406533, 2.140791044349772, 0.019, hot
12, 4, 891.8300634, 1.330805529804757, 0.104, NS
20, 5, 886.9731831, 2.9192001072715374, 0.001, hot
33, 27, 1253.525828, 2.960994522059949, 0.003, hot
35, 14, 1284.082656, 1.453503628751213, 0.078, NS
26, 6, 835.7904523, -0.3238143571642034, 0.618, NS
25, 35, 865.6436035, 0.3317850536203013, 0.41, NS
5, 24, 1576.945943, 1.3781020348598934, 0.098, NS
11, 25, 653.0244881, 1.755780782702998, 0.03, hot
15, 37, 755.1942919, -0.6945043327702338, 0.726, NS
3, 5, 942.2013048, 1.9415508933585548, 0.03, hot
22, 2, 788.4819547, 1.4209375158094388, 0.073, NS
26, 7, 894.6922395, 2.319221246112002, 0.01, hot
11, 35, 1248.279327, 1.7795374768473424, 0.038, hot
31, 1, 1331.716601, 1.9512072795553677, 0.023, hot
15, 22, 1307.754232, -0.12973291117079544, 0.535, NS
13, 34, 788.6034198, 3.8701144088850783, 0.0, hot
22, 37, 910.4445742, 1.3421570047722204, 0.095, NS
32, 3, 1006.361749, -0.14980894350860346, 0.548, NS
20, 19, 980.4005042, 1.5692645210292848, 0.064, NS
4, 23, 1070.157295, 0.6702731392790271, 0.238, NS
24, 21, 1211.009918, 1.746076688649895, 0.045, hot
36, 25, 883.5292024, 3.121659872248937, 0.0, hot
6, 32, 1208.816396, 2.4676740838657913, 0.013, hot
20, 23, 843.0268603, 1.2643526893926804, 0.107, NS
20, 31, 1094.565482, 2.3873726088969267, 0.008, hot
9, 32, 1018.8489, 2.866943829184938, 0.003, hot
35, 11, 1171.134799, 1.6513211629465139, 0.051, NS
1, 22, 805.3800579, -0.22724888967421614, 0.581, NS
35, 34, 1411.514397, 1.809818332722068, 0.033, hot
31, 24, 532.0357575, 2.533265160935447, 0.004, hot
10, 12, 852.7396956, -1.0076244113170416, 0.843, NS
16, 6, 1333.136556, 2.484865372319682, 0.005, hot
31, 16, 865.8002025, 2.240739232970442, 0.01, hot
37, 7, 602.0383188, 2.5609848658216, 0.008, hot
34, 23, 665.9829251, 2.4470636759941393, 0.009, hot
34, 11, 1075.417325, 0.35227107238178373, 0.383, NS
20, 4, 665.4190798, 2.2216775885845736, 0.01, hot
13, 11, 985.0334521, -1.300602045244617, 0.915, NS
24, 11, 1096.31821, 2.8399141784065653, 0.002, hot
17, 11, 942.344433, -1.4366060652447128, 0.922, NS
19, 6, 1011.985107, 2.427652323906788, 0.009, hot
16, 13, 1211.567784, 1.409446371903442, 0.071, NS
11, 12, 1365.736667, 1.04887559654812, 0.14, NS
17, 34, 1219.774678, 2.4857486389562045, 0.006, hot
25, 5, 766.1482385, 0.4323544552533355, 0.322, NS
9, 3, 1255.451559, 1.5664573782046576, 0.056, NS
21, 37, 1103.096828, -2.4683636473914583, 0.992, cold
17, 22, 1344.211093, -1.1108164972373238, 0.876, NS
31, 36, 1083.266358, 1.0244435323909233, 0.164, NS
5, 13, 800.4836806, 1.8529204329989475, 0.036, hot
20, 27, 1223.767211, -1.4566033352123298, 0.916, NS
34, 12, 945.6470039, -0.19861440629935145, 0.581, NS
17, 19, 1293.478837, 1.4221014450495415, 0.078, NS
37, 24, 737.245036, 1.3999670847776544, 0.082, NS
25, 36, 1088.532591, 0.7963157320860439, 0.218, NS
21, 19, 986.8174413, 0.5879431621370033, 0.288, NS
18, 33, 965.1203603, 1.1461575694072201, 0.151, NS
32, 33, 1121.191855, 1.2277649288043768, 0.099, NS
1, 27, 1290.157704, -0.858949716342851, 0.812, NS
6, 29, 651.6233604, 0.2905773490203719, 0.408, NS
6, 17, 995.4578596, 0.6165917145035756, 0.283, NS
5, 33, 659.1187833, 2.309240810785885, 0.014, hot
24, 31, 1330.913401, 1.9125622894786656, 0.028, hot
35, 6, 1287.579417, 2.575796558235695, 0.002, hot
12, 6, 1035.129022, 3.3475672747847764, 0.0, hot
16, 30, 968.5380792, 0.7289849212893906, 0.216, NS
27, 26, 884.4016079, 1.3927515430252209, 0.08, NS
33, 2, 984.7631025, 1.2868269273315565, 0.089, NS
16, 35, 1020.823532, 2.6487377660662443, 0.003, hot
5, 7, 1130.884169, 0.6276969377857318, 0.278, NS
15, 10, 1346.52832, -1.7095650448626016, 0.956, cold
5, 27, 853.5218848, 1.435809997399881, 0.086, NS
25, 16, 1008.67703, 2.301289878344509, 0.015, hot
2, 30, 1408.70291, 0.7609641607392146, 0.236, NS
2, 8, 776.1468797, 1.4629042156910324, 0.062, NS
28, 22, 895.5566925, 0.9579957761018643, 0.185, NS
6, 12, 622.8337896, 1.6263680328018348, 0.064, NS
12, 16, 1177.023484, 1.863405652913868, 0.028, hot
6, 8, 753.0482085, -0.4578693059279366, 0.676, NS
15, 12, 957.7454766, 0.7359132161987529, 0.212, NS
36, 9, 884.2078773, -0.21075008424100172, 0.61, NS
26, 1, 746.8541152, -2.1139305566312854, 0.99, cold
22, 31, 829.5404016, 1.4658707656858863, 0.063, NS
26, 19, 1125.95781, 2.4972222627472496, 0.007, hot
25, 37, 1020.063603, 2.3423102918710033, 0.011, hot
33, 35, 927.6608053, 1.3733213213098183, 0.066, NS
19, 28, 803.3038381, 2.2089957261954924, 0.01, hot
18, 4, 822.7742812, 2.8461051047259383, 0.001, hot
10, 28, 1290.628601, 0.7959506911956156, 0.205, NS
10, 16, 1152.329131, 0.03356148647878842, 0.51, NS
8, 28, 1420.458058, 0.5279888552779921, 0.291, NS
18, 36, 721.6195212, 1.442358983810531, 0.079, NS
31, 28, 861.6771607, 2.8351148155155657, 0.001, hot
36, 26, 1050.888478, 3.1743725207608233, 0.0, hot
26, 31, 1250.45034, 2.8037313816198712, 0.001, hot
35, 31, 1049.695794, 2.502681806488849, 0.005, hot
22, 32, 1021.881119, 1.691143958763724, 0.039, hot
25, 4, 713.2715515, 0.6271042617835098, 0.25, NS
14, 5, 1271.180864, 2.2064056731745425, 0.015, hot
11, 7, 975.3216754, 2.1378875233763512, 0.02, hot
32, 16, 991.2509142, 1.1371537602086648, 0.123, NS
33, 3, 960.4283191, 1.068924682134053, 0.13, NS
24, 10, 865.1339766, 1.9597384263596171, 0.022, hot
23, 10, 1478.875039, 1.8059388207452678, 0.028, hot
10, 25, 847.9444624, 0.9149548150328441, 0.172, NS
17, 28, 819.4563691, -0.29485281762808835, 0.604, NS
16, 3, 1080.773654, 0.8110034669433324, 0.21, NS
5, 1, 1116.519905, 1.736249112813148, 0.049, hot
24, 6, 844.6288591, 1.321384837660094, 0.079, NS
29, 7, 969.7063977, 3.088043964327951, 0.001, hot
24, 19, 1187.197653, 1.7606845668618614, 0.033, hot
12, 1, 981.1563043, 2.248607321599566, 0.015, hot
31, 35, 713.3379027, 0.48767291770178034, 0.289, NS
32, 11, 922.4138443, 0.21182677154794752, 0.433, NS
34, 5, 1293.331817, 1.7720103459279215, 0.042, hot
12, 18, 705.1856462, 2.9569201673611123, 0.0, hot
28, 6, 973.5911099, -2.2444926521040256, 0.983, cold
29, 31, 1059.074609, 3.4120943698935218, 0.0, hot
24, 36, 1228.512223, 1.5814450559237196, 0.063, NS
13, 33, 590.0058947, 1.72327696177052, 0.035, hot
1, 7, 784.3352671, 1.908719149957939, 0.029, hot
6, 19, 1184.888901, 3.3918262735685145, 0.0, hot
20, 16, 1055.659502, 0.24809352911863267, 0.417, NS
27, 15, 1146.704608, 0.23894222584775202, 0.405, NS
28, 5, 1190.722606, 2.6020425334624977, 0.004, hot
17, 23, 801.1295026, 2.01713887834529, 0.012, hot
24, 14, 475.6401515, 2.8542284231745074, 0.002, hot
2, 15, 866.1996294, 1.3453021715349764, 0.098, NS
36, 29, 1417.150822, -0.3539513643492377, 0.66, NS
26, 30, 1022.979391, -1.6953340699163615, 0.958, cold
14, 27, 853.7235285, -2.0515265405737115, 0.984, cold
15, 33, 1046.313091, 1.4956464462245969, 0.044, hot
31, 29, 1148.151795, 3.506889193188208, 0.001, hot
12, 32, 1411.14461, 2.082529063932433, 0.014, hot
36, 4, 970.1054005, 2.7269533051441877, 0.002, hot
24, 20, 1455.928328, 1.0656324216945634, 0.133, NS
12, 30, 1019.892036, 2.605028459526724, 0.006, hot
14, 7, 951.3671979, 3.4856054278137028, 0.0, hot
5, 16, 1543.733416, 2.3509693150531072, 0.007, hot
22, 12, 941.5124013, 1.5393507028411908, 0.052, NS
24, 37, 727.8223308, 3.1922549981120674, 0.0, hot
36, 14, 1122.459488, -1.7546518896833736, 0.965, cold
22, 1, 1252.572291, 1.2703363142511535, 0.107, NS
11, 23, 868.6160893, 2.4487534786910286, 0.003, hot
5, 35, 1067.824501, 1.1945701679755099, 0.129, NS
17, 25, 708.0954356, 1.323702562812194, 0.075, NS
37, 20, 1017.16258, 0.9653127598713586, 0.165, NS
26, 36, 1348.335197, 1.6059183791752665, 0.065, NS
36, 30, 660.8051317, -2.1839342926320207, 0.989, cold
12, 17, 583.215246, 3.086979749959012, 0.002, hot
2, 17, 933.1130302, 1.4152151748933917, 0.074, NS
14, 34, 989.2210653, 3.6210034794634476, 0.0, hot
22, 24, 1081.164663, 1.0766628267035636, 0.151, NS
13, 6, 1094.801606, -3.1062912402080984, 0.998, cold
37, 16, 865.3348625, 0.7292374038568555, 0.219, NS
31, 27, 1059.899169, 1.8643502590409664, 0.025, hot
33, 26, 1129.724951, 1.7585335969501856, 0.035, hot
26, 23, 907.9032659, 2.1504492156754305, 0.013, hot
16, 1, 621.446844, 1.7311360579679278, 0.04, hot
16, 26, 776.488547, 1.6164510740705418, 0.048, hot
21, 15, 683.5251254, -2.33536081285792, 0.99, cold
6, 36, 838.960244, 1.9698292339224457, 0.023, hot
11, 2, 785.4196938, 0.2726835194672265, 0.392, NS
25, 25, 1243.727076, 1.0664414003032858, 0.15, NS
6, 9, 1012.930139, 0.0029556818989618636, 0.513, NS
5, 12, 1136.553174, 2.177255387873291, 0.019, hot
19, 15, 950.6736185, 0.0711447139171658, 0.465, NS
2, 12, 747.7370135, 2.360935279197415, 0.005, hot
24, 24, 1100.17415, 2.441152044741914, 0.008, hot
18, 5, 741.444239, 3.212630589128401, 0.001, hot
29, 5, 1054.2117, 1.740014728240773, 0.049, hot
27, 6, 888.4096741, 1.0622261659759895, 0.132, NS
10, 7, 1108.570962, 3.1914465796343086, 0.001, hot
7, 34, 1205.439315, 2.797780989631714, 0.001, hot
24, 27, 956.8630618, 1.0846992989236213, 0.127, NS
35, 20, 1122.367754, 1.4202942306666482, 0.077, NS
12, 15, 1050.401379, 3.9495849969002315, 0.0, hot
33, 36, 873.1736136, 1.9509216255556323, 0.018, hot
4, 19, 840.7296579, 1.9489540665067044, 0.033, hot
31, 4, 1289.620685, 1.6945975356417124, 0.045, hot
11, 8, 654.7960439, 0.11656010057816854, 0.458, NS
3, 23, 933.7687631, 2.0324049303277736, 0.016, hot
25, 7, 1051.723826, 0.3270165218007236, 0.369, NS
14, 22, 1226.785066, -0.920898341625901, 0.815, NS
1, 33, 846.6901795, 1.3379796459657727, 0.083, NS
14, 3, 913.6727064, -1.5201413146269451, 0.934, NS
8, 7, 907.6140564, 2.647380113874968, 0.005, hot
32, 12, 834.2233732, -0.4859619850201438, 0.676, NS
22, 26, 1040.069907, 1.7751769631862804, 0.033, hot
29, 22, 994.0194492, 0.23800623591245268, 0.42, NS
31, 18, 859.8888186, 1.8001083208339181, 0.045, hot
10, 5, 1003.792383, 2.582236924097927, 0.001, hot
33, 9, 1244.580007, 2.868833022908381, 0.004, hot
23, 36, 554.1437691, 1.8096045857423486, 0.029, hot
23, 5, 940.8325074, 0.7416987216809645, 0.218, NS
31, 30, 623.594171, 2.156155314943568, 0.012, hot
32, 28, 1014.433035, 2.08589242963104, 0.019, hot
4, 7, 1377.25013, 1.7840449454555687, 0.043, hot
11, 10, 1206.71276, -2.017972277689367, 0.985, cold
37, 11, 933.6241077, 1.4771448075157407, 0.067, NS
1, 36, 956.7199728, 1.439297132468704, 0.072, NS
23, 9, 1034.821065, 1.962122841344563, 0.012, hot
17, 5, 1523.835263, 0.843703529742958, 0.213, NS
7, 35, 755.9253483, 2.863597702326946, 0.001, hot
31, 12, 897.6887197, 3.1562532585851093, 0.001, hot
22, 23, 1175.989944, 1.0026143446572313, 0.181, NS
21, 16, 1120.914588, -0.18125836015957383, 0.563, NS
10, 32, 738.3093221, 2.8396067040673016, 0.002, hot
18, 3, 1357.662144, -1.7113634579206993, 0.96, cold
7, 28, 1169.55773, 1.6940170264604808, 0.046, hot
4, 16, 1279.499392, 0.5730286675840236, 0.285, NS
28, 7, 1231.484159, 3.560112171544809, 0.0, hot
18, 7, 702.8732739, 4.00869205962365, 0.0, hot
3, 19, 897.0586363, 2.1659388152768098, 0.016, hot
10, 33, 880.4192585, 1.1739833130518693, 0.131, NS
27, 24, 1343.289629, 0.9631002986120735, 0.166, NS
9, 16, 808.5077734, 2.5235219914375207, 0.005, hot
24, 13, 1067.676313, 3.70495696337235, 0.0, hot
36, 24, 815.4448194, -1.051728488242888, 0.862, NS
18, 31, 1046.096778, 3.3838330951676685, 0.0, hot
26, 28, 620.8423988, 1.5529044507927652, 0.066, NS
18, 26, 1020.930385, 1.7470087428002927, 0.041, hot
2, 10, 1169.973059, 1.2216591055947417, 0.099, NS
31, 15, 1048.033511, 2.1827187211948207, 0.014, hot
15, 26, 938.4486778, 2.628565998336862, 0.002, hot
9, 9, 1089.1411, 3.2015465034657624, 0.0, hot
21, 23, 842.7595541, 1.3972034838246157, 0.081, NS
33, 24, 1057.166211, 0.8047272240360195, 0.211, NS
11, 26, 1009.066791, 1.4450442113313273, 0.075, NS
10, 26, 1085.962378, 1.3542567392066127, 0.113, NS
2, 35, 891.7323528, 0.7955550454459643, 0.229, NS
30, 12, 1125.490892, -0.9072009490132418, 0.818, NS
31, 37, 1510.967852, 2.8748398104669, 0.001, hot
31, 3, 986.194923, 1.012898879983674, 0.144, NS
11, 16, 938.4588756, 2.6312771748301893, 0.002, hot
26, 24, 869.4771456, -0.9889241331347737, 0.842, NS
21, 24, 1015.489379, -1.9758906328470036, 0.97, cold
11, 33, 765.4437874, 2.7684339517065686, 0.003, hot
22, 18, 915.9637292, 1.5513994733120449, 0.058, NS
14, 36, 485.4013568, 2.0882451024313817, 0.019, hot
12, 28, 861.6627115, 2.248764700162558, 0.017, hot
36, 13, 1018.824446, -0.9301067080573032, 0.816, NS
1, 3, 1351.720023, -1.2883371397729317, 0.879, NS
26, 8, 1055.595516, -1.4689068359157067, 0.934, NS
24, 26, 966.0893066, 0.37497054531181745, 0.363, NS
11, 20, 1164.14677, -1.0850785966866863, 0.841, NS
16, 28, 513.9492108, 1.0308857703014889, 0.134, NS
15, 1, 1381.643256, -2.380635527879176, 0.989, cold
23, 11, 862.2694011, 1.8602338848905224, 0.038, hot
9, 29, 1344.051506, 3.5106243089132305, 0.0, hot
22, 34, 768.8547334, 1.046961534830219, 0.131, NS
24, 25, 1177.930042, 0.2421203363517829, 0.386, NS
22, 29, 1019.674465, 0.9148848182213268, 0.201, NS
30, 35, 1272.660603, 2.845439611422083, 0.001, hot
6, 11, 1077.115685, 0.36513126508621024, 0.348, NS
35, 3, 756.3992678, 0.826508653319728, 0.2, NS
19, 24, 1005.886942, 0.1834535818352117, 0.424, NS
2, 9, 932.0414292, 1.8759229918725062, 0.029, hot
8, 31, 1139.001335, 2.834143786687103, 0.002, hot
19, 35, 953.8343434, 3.289521943674227, 0.0, hot
27, 36, 975.2251688, 2.389430076924902, 0.007, hot
13, 16, 879.6912512, 0.7451972008448259, 0.223, NS
30, 31, 1131.197717, 3.3120110043373425, 0.0, hot
22, 16, 990.5587537, 1.0311696167832687, 0.141, NS
35, 12, 1034.95463, 2.92769820720663, 0.001, hot
35, 36, 1281.167101, 2.1377769555082313, 0.014, hot
16, 18, 625.1023457, 2.064937610921464, 0.022, hot
37, 35, 989.1532185, 1.282019179800312, 0.089, NS
29, 23, 994.6439981, 1.9281431928255233, 0.031, hot
5, 32, 1093.304246, 1.8396784844153493, 0.035, hot
24, 3, 866.9245221, 2.0156310708316716, 0.011, hot
24, 16, 994.1471477, 2.3567653314730284, 0.009, hot
6, 3, 1183.857333, 0.39323060435299095, 0.332, NS
9, 6, 951.1784214, 2.8085123750083802, 0.002, hot
19, 26, 1027.570904, 2.761246007130039, 0.0, hot
6, 35, 1239.646459, 1.5157253632562386, 0.066, NS
5, 2, 635.8699847, 2.351347893490704, 0.007, hot
16, 19, 812.3597773, 0.7790691704497171, 0.217, NS
2, 21, 923.5950864, 1.072510982253397, 0.133, NS
27, 19, 1069.50332, 2.585557087270193, 0.007, hot
3, 16, 1397.944097, 0.5647046959020023, 0.281, NS
19, 12, 796.586549, 1.2615898380822972, 0.083, NS
6, 33, 890.9385065, 3.121098643626575, 0.001, hot
17, 33, 1237.986098, 0.9556234413666587, 0.173, NS
6, 24, 1207.008183, -0.8081937768273626, 0.794, NS
6, 10, 1151.611507, -0.9565566541761258, 0.837, NS
21, 14, 934.6798543, -2.34942698972083, 0.992, cold
37, 37, 1183.825412, 1.2521839638568932, 0.097, NS
22, 5, 1166.696923, 0.8521335861550966, 0.193, NS
35, 25, 1443.444817, 1.6934798226862704, 0.043, hot
6, 31, 1011.233111, 2.1898300366529653, 0.025, hot
11, 29, 974.8036977, 0.5426501055923931, 0.287, NS
5, 23, 1044.53925, 2.049006320349808, 0.015, hot
12, 3, 715.8765495, 1.5774775611632261, 0.059, NS
23, 12, 693.8312108, 1.9470033888646314, 0.019, hot
27, 1, 971.8689461, 0.27840824789313634, 0.416, NS
7, 12, 973.3221456, -0.23807044561467863, 0.621, NS
32, 27, 1102.07291, 0.18398034262579044, 0.413, NS
7, 33, 1198.327285, 2.2726514795784407, 0.015, hot
24, 23, 824.7104772, 1.7532016705195566, 0.035, hot
2, 1, 757.0556164, 2.1000377453849906, 0.015, hot
37, 1, 888.7825895, 1.5907251546751946, 0.051, NS
37, 29, 966.6195793, 1.2310425159911131, 0.113, NS
28, 12, 848.5609973, 0.7549034230370854, 0.25, NS
11, 37, 670.2099077, -0.8425408546367439, 0.78, NS
5, 6, 1332.904753, 1.517215453687481, 0.075, NS
10, 6, 656.0338565, -2.8985395713248, 0.999, cold
27, 20, 903.9946867, 0.8499484345820881, 0.19, NS
25, 11, 977.4594535, 0.7088027061474812, 0.243, NS
29, 16, 1259.995778, 1.1029021968699129, 0.133, NS
25, 34, 1041.728608, 0.6380757180886889, 0.251, NS
15, 2, 1091.532207, -0.31205322731539037, 0.619, NS
23, 15, 1033.788649, 2.0825706343138286, 0.019, hot
24, 34, 911.2435303, 1.6486421456828197, 0.055, NS
19, 22, 835.8743667, 0.7751513154114701, 0.2, NS
9, 31, 464.1427074, 3.4030172287227933, 0.0, hot
12, 12, 1112.615732, 2.4633111539126697, 0.006, hot
26, 2, 869.7203286, -0.8737911361294074, 0.806, NS
22, 33, 965.5057759, 1.0341487746946323, 0.166, NS
36, 7, 750.8568431, 3.0996003076186325, 0.001, hot
16, 14, 942.6201342, 1.213672159522683, 0.117, NS
35, 27, 735.4349999, 2.7681895617054635, 0.002, hot
24, 30, 959.8404738, 1.4469522556282053, 0.065, NS
36, 34, 1101.170388, 1.9420076749214796, 0.034, hot
12, 34, 1031.844229, 1.7252678178855227, 0.043, hot
35, 26, 888.9927609, 1.2066250442504947, 0.129, NS
30, 6, 902.7511958, -2.850537966014807, 0.996, cold
24, 1, 1004.933847, 2.4087264360544363, 0.008, hot
27, 14, 995.7063635, 0.9003585527998011, 0.193, NS
16, 29, 1048.633289, 1.1826102269483407, 0.119, NS
35, 19, 678.5276121, 1.2701227738818834, 0.111, NS
34, 36, 997.8893692, 1.8504062907334538, 0.037, hot
37, 6, 1302.280594, 1.450838460655744, 0.069, NS
23, 17, 917.0637854, 1.8962563234484198, 0.03, hot
7, 26, 1074.133667, 1.6649633587880996, 0.056, NS
6, 18, 1568.861839, -1.4428345363060957, 0.939, NS
31, 2, 995.0834107, 1.456552311505998, 0.077, NS
4, 25, 990.7654773, 1.4386539486303218, 0.053, NS
18, 6, 1013.439299, -1.4780216690193995, 0.949, NS
15, 27, 1017.462077, 2.006038011485612, 0.027, hot
13, 27, 812.9089576, -1.699418490937306, 0.959, cold
17, 12, 666.4617794, -0.32545438907514274, 0.653, NS
1, 35, 944.3142311, 2.4677532348669833, 0.006, hot
25, 29, 1125.68421, 1.5317893192313008, 0.062, NS
24, 18, 1313.375035, 1.9531949418739996, 0.032, hot
23, 27, 781.6742121, 0.9490564852057896, 0.172, NS
20, 7, 1028.211505, 2.9300873014577626, 0.003, hot
23, 21, 1072.18469, 1.089708456561358, 0.137, NS
21, 27, 1005.730212, 1.3305898376995815, 0.115, NS
13, 25, 759.9522248, 1.462943620010721, 0.083, NS
17, 4, 960.9337968, 1.393564934453839, 0.079, NS
11, 19, 758.8149992, 2.882566957702922, 0.002, hot
9, 5, 1193.357266, 2.7938491762459567, 0.002, hot
9, 14, 1262.732755, 2.2429341158514027, 0.007, hot
14, 35, 1353.643087, 3.020095508019895, 0.001, hot
24, 9, 1077.226365, 2.4170257666492305, 0.005, hot
7, 25, 898.28693, 1.1967825587392615, 0.116, NS
4, 11, 801.9361315, -1.1462329448011446, 0.876, NS
14, 23, 1246.250101, 2.507097387003396, 0.005, hot
28, 25, 975.6796961, 0.7836136502109987, 0.228, NS
29, 3, 760.8900943, -1.2305900354606865, 0.874, NS
25, 22, 1073.484813, 2.3048920063175755, 0.01, hot
6, 1, 1136.969045, -1.1048558741569428, 0.857, NS
15, 32, 582.763194, 2.7105765823198174, 0.0, hot
31, 11, 1091.099043, 3.0983865879184607, 0.0, hot
2, 25, 873.3702286, -0.02277190087885375, 0.482, NS
24, 12, 1476.637257, 2.322333401011942, 0.005, hot
19, 25, 1300.447529, 2.7573316968199983, 0.0, hot
37, 34, 920.1408242, 2.1670918743522147, 0.018, hot
16, 7, 1006.407237, 1.425683227349053, 0.082, NS
11, 32, 1029.390016, 3.005217094456153, 0.003, hot
21, 34, 1167.20101, 1.5112076426825818, 0.077, NS
34, 33, 996.43075, 0.9960014140805971, 0.16, NS
15, 8, 657.155915, 0.24571171444922166, 0.402, NS
18, 22, 972.2265315, -0.43301462449599065, 0.669, NS
24, 22, 655.8536103, 1.9209911606308159, 0.026, hot
1, 4, 1195.402226, 0.8080399471934512, 0.213, NS
36, 33, 1052.457545, 0.744519353037428, 0.218, NS
30, 25, 963.4892609, 0.8998351732640718, 0.19, NS
23, 19, 851.723944, 2.73486481225553, 0.003, hot
19, 13, 856.3271438, 0.4912709579338806, 0.303, NS
37, 13, 976.4256847, 1.2325705709012817, 0.102, NS
5, 29, 914.1590822, 1.0570861366183946, 0.154, NS
29, 32, 1035.377495, 3.1710576532395542, 0.001, hot
5, 3, 893.846397, 0.906171264499891, 0.184, NS
8, 19, 995.3232639, 2.347314884727269, 0.008, hot
33, 28, 981.6440246, 2.3025803613989946, 0.007, hot
26, 20, 1089.961494, -1.1262021054124474, 0.871, NS
19, 36, 681.0598579, 3.479826756053192, 0.0, hot
19, 5, 692.142248, 2.687394849136171, 0.002, hot
19, 14, 936.5660301, -0.05546019477046649, 0.543, NS
9, 28, 1014.997269, 3.009597837357148, 0.0, hot
29, 11, 1199.432555, 0.1719378448906255, 0.434, NS
8, 23, 1042.084552, 1.9530661059357284, 0.024, hot
37, 36, 688.763089, 1.0268160698105295, 0.123, NS
25, 30, 1072.909544, 2.2409234064600088, 0.01, hot
11, 13, 1176.6213, 0.294483516367024, 0.363, NS
33, 30, 1013.220009, 1.6625244510895827, 0.041, hot
10, 34, 1067.819795, 3.472719543840572, 0.0, hot
21, 33, 660.6336724, 0.7550960153584595, 0.25, NS
13, 31, 882.7388409, 3.8122649457901403, 0.0, hot
32, 25, 797.1370037, 2.1078826337624252, 0.02, hot
9, 27, 1149.903432, 3.0275329561990554, 0.004, hot
37, 33, 749.621861, 0.8347801596472281, 0.203, NS
36, 16, 1086.701306, 0.8718621490281752, 0.182, NS
29, 12, 1068.263626, 0.7809463673720073, 0.221, NS
5, 9, 1139.829778, 2.0129010748723117, 0.02, hot
35, 23, 863.6737025, -0.25526984224282695, 0.605, NS
36, 2, 1042.535617, -0.5445774980161927, 0.702, NS
12, 31, 858.823595, 2.674104652747061, 0.002, hot
5, 28, 755.7149065, 1.7624668059223465, 0.038, hot
11, 11, 884.7839425, 2.164709062756743, 0.02, hot
14, 31, 1252.785132, 3.317852317952199, 0.002, hot
16, 10, 845.0695451, 1.342329495879946, 0.09, NS
32, 7, 1202.300616, 3.7344143571976343, 0.0, hot
7, 23, 1272.997686, 2.3586033265731983, 0.009, hot
14, 19, 832.6538671, 1.903543278649974, 0.025, hot
19, 33, 1163.946907, 1.9160433211237935, 0.024, hot
12, 26, 998.8726221, 2.1022714742348056, 0.011, hot
21, 2, 697.9267437, -1.7892501939890433, 0.966, cold
36, 1, 897.715202, -1.7904122039640202, 0.955, cold
26, 37, 1357.431284, -2.909885244204644, 0.998, cold
9, 35, 750.3832995, 2.199607481717994, 0.014, hot
34, 25, 1185.10638, 2.0177122234946157, 0.021, hot
31, 20, 961.6003168, 1.18559533957521, 0.114, NS
21, 3, 674.1320623, -0.5112163095264082, 0.7, NS
2, 31, 930.0056773, 1.645919528431426, 0.04, hot
4, 34, 898.3822962, 2.9487949249185235, 0.001, hot
23, 2, 606.3544819, 1.939949117979578, 0.024, hot
10, 11, 1120.444636, -1.0105176176564514, 0.861, NS
27, 3, 723.9157864, 1.5883377969991448, 0.047, hot
35, 18, 1202.971011, 1.2528029891483243, 0.104, NS
12, 14, 1123.003039, 2.738048606302088, 0.006, hot
31, 7, 921.6501388, 2.14209908370834, 0.014, hot
11, 31, 961.9291109, 2.876085097541246, 0.002, hot
22, 22, 1306.507667, 1.1088063284040963, 0.145, NS
12, 2, 1098.876803, 1.415383639183578, 0.054, NS
6, 7, 1106.127833, 1.5697775400179428, 0.051, NS
12, 33, 1112.44808, 1.7259077484012983, 0.033, hot
22, 3, 1143.846831, 1.3777027527520431, 0.086, NS
33, 7, 1104.790396, 2.2118772348453257, 0.009, hot
31, 26, 708.6625096, 1.8682144945638093, 0.031, hot
3, 11, 860.3734097, -1.8218582780312067, 0.97, cold
15, 20, 1000.587222, -1.3730918749802983, 0.921, NS
18, 27, 966.3680117, -0.1047900753950198, 0.57, NS
34, 31, 1138.838105, 2.9374540627844667, 0.003, hot
11, 3, 1299.061288, 1.1359845926712955, 0.127, NS
23, 6, 784.6036588, 1.484199107106283, 0.056, NS
4, 4, 1467.865593, 1.4073300507544588, 0.098, NS
5, 34, 737.2775519, 1.3390929534448712, 0.105, NS
12, 13, 1192.935102, 2.62051413985156, 0.004, hot
16, 24, 1221.364591, 0.8466102245196196, 0.21, NS
27, 5, 849.833452, 1.6372219943531996, 0.051, NS
5, 37, 852.5012848, 1.6635911662432028, 0.058, NS
11, 28, 578.8951562, 2.6154385547004853, 0.005, hot
16, 20, 1094.325604, 1.5820653297361822, 0.067, NS
25, 32, 684.3251947, 1.2224517339451235, 0.123, NS
19, 10, 1151.635375, -0.5734524916199663, 0.701, NS
17, 31, 1240.216283, 2.882522329552073, 0.0, hot
21, 10, 733.4768406, -3.293216451187261, 1.0, cold
13, 32, 762.7905871, 3.491499347713045, 0.0, hot
26, 35, 1066.858588, 2.165562138798945, 0.017, hot
2, 6, 995.102621, 0.9076192671827482, 0.164, NS
33, 32, 1148.647899, 1.8385991924231178, 0.027, hot
22, 19, 733.5189565, 0.6125460356135082, 0.288, NS
21, 13, 949.3383882, -1.4791543699787837, 0.945, NS
26, 14, 711.7793165, -1.4878719479186486, 0.932, NS
6, 14, 1044.245293, -0.7472392730664917, 0.768, NS
25, 27, 1474.530022, 1.059347784776035, 0.149, NS
22, 15, 848.6850701, 1.2382833807195777, 0.103, NS
19, 18, 993.6711681, 0.6620512972316533, 0.242, NS
35, 4, 778.3262804, 0.9702316681570294, 0.181, NS
17, 16, 1145.504691, 0.3192672600569523, 0.398, NS
21, 31, 1118.032231, 1.515499784400973, 0.062, NS
6, 27, 1289.779878, 0.8427173124628008, 0.21, NS
19, 1, 970.0707294, -0.13850174621328903, 0.559, NS
18, 25, 618.1550712, 2.1504965047158766, 0.01, hot
26, 13, 976.7232099, -1.134081255111349, 0.877, NS
31, 9, 1057.835054, 2.530205451479374, 0.003, hot
2, 18, 1200.562959, 1.1152111816636991, 0.125, NS
15, 17, 909.1907305, 0.15722921733647816, 0.413, NS
27, 25, 973.927395, 1.5572556363718133, 0.05, hot
15, 4, 1174.106919, 2.1384976580391566, 0.018, hot
9, 8, 1091.702485, 2.616100311089707, 0.002, hot
9, 11, 1499.977411, 3.237804788748525, 0.0, hot
15, 5, 861.1727346, 2.7604469216714786, 0.005, hot
23, 22, 1159.397154, 1.6509813090963343, 0.038, hot
31, 13, 1415.149324, 3.5550972689862714, 0.0, hot
29, 26, 980.1315593, 0.7247130605940206, 0.263, NS
36, 36, 1293.060564, 0.9219239916072836, 0.159, NS
37, 23, 1083.210391, 1.5087224281101068, 0.072, NS
7, 36, 1167.727307, 2.6308677346051996, 0.003, hot
2, 13, 1123.128046, 2.600891229567181, 0.006, hot
19, 7, 607.5896472, 2.5708488732633423, 0.005, hot
25, 21, 993.839688, 2.048216849505205, 0.018, hot
35, 33, 1260.455619, 2.148830328612229, 0.018, hot
17, 35, 1348.959892, 2.0303746565978416, 0.025, hot
22, 21, 919.251213, 1.6193225998848904, 0.054, NS
9, 2, 1023.08236, 2.1955857727381414, 0.01, hot
9, 20, 1176.613133, 1.103739331586896, 0.144, NS
2, 5, 1355.461809, 1.900451012744246, 0.028, hot
30, 27, 1224.980871, -1.934573393035128, 0.963, cold
35, 37, 679.6965274, 3.4943727644901608, 0.0, hot
32, 26, 912.91439, 2.6915466641979737, 0.009, hot
26, 25, 716.923532, 0.9391706925388278, 0.196, NS
3, 36, 816.6441756, 2.5262576665432848, 0.009, hot
5, 4, 1110.675152, 0.5771332810168407, 0.263, NS
6, 4, 873.4019401, 1.4813857755694533, 0.065, NS
3, 25, 1217.897178, 0.8908853361326942, 0.183, NS
32, 23, 969.8281394, 2.75874347881976, 0.003, hot
36, 35, 1182.827036, 1.8392211297635321, 0.031, hot
5, 19, 1302.199207, 1.8400054498290581, 0.042, hot
17, 6, 763.8775994, -2.875890178589796, 0.999, cold
4, 35, 1097.643691, 2.036598962920836, 0.02, hot
19, 31, 1038.976115, 2.4844392240662296, 0.006, hot
12, 24, 774.9586674, 1.8036286211037378, 0.025, hot
14, 12, 1155.405455, -1.3733515898348896, 0.901, NS
2, 11, 885.9097042, 2.1697532687827463, 0.012, hot
37, 19, 1195.666336, 0.9470161109203257, 0.171, NS
9, 30, 1512.296479, 1.1606592269122498, 0.128, NS
37, 12, 1000.150379, 0.8149017690575084, 0.192, NS
20, 33, 677.0952982, 1.7333198136655248, 0.049, hot
35, 13, 1106.282262, 1.98298750561663, 0.029, hot
2, 29, 976.6493547, 2.078138465661769, 0.016, hot
2, 14, 892.7961827, 2.7073986114831623, 0.002, hot
7, 19, 1148.535884, 2.7439305486162286, 0.003, hot
16, 27, 801.7657276, 2.5607857236385727, 0.004, hot
29, 34, 1169.926275, 2.941434270998793, 0.0, hot
37, 4, 833.5495067, 2.782030278857639, 0.0, hot
19, 16, 603.5234748, 1.7178706511292037, 0.04, hot
8, 6, 1258.031236, -2.053072338891858, 0.983, cold
4, 31, 981.941317, 2.453035980619003, 0.01, hot
3, 3, 889.9081533, -1.4486193982070266, 0.928, NS
5, 17, 1150.217534, 1.9349253329647174, 0.028, hot
11, 9, 872.8851466, 0.007071130011238497, 0.476, NS
11, 22, 1255.503751, 1.5461193169022456, 0.062, NS
28, 19, 1127.918392, 3.2996360251448014, 0.0, hot
23, 24, 613.2455036, 2.615422225544884, 0.008, hot
16, 25, 1097.996395, 2.515879632775757, 0.006, hot
9, 25, 858.0119105, 2.2622609824050275, 0.009, hot
22, 30, 695.05402, 0.8963772416786067, 0.18, NS
1, 5, 951.7551112, 0.502663387674607, 0.313, NS
33, 12, 999.5437132, 2.8053617402536726, 0.003, hot
19, 27, 1234.485066, 2.9059453885125768, 0.002, hot
6, 30, 850.661243, -0.6982292523692261, 0.743, NS
19, 9, 418.4361558, 1.6127764207601434, 0.05, hot
37, 2, 1085.203323, 1.2277624519211698, 0.099, NS
15, 15, 983.8068332, -0.1955584642983532, 0.569, NS
33, 13, 1525.847432, 3.3727908658086445, 0.001, hot
18, 34, 1103.880802, 3.9198137603211927, 0.0, hot
8, 11, 1122.975285, -0.6252838653771372, 0.722, NS
21, 20, 1045.31159, -2.4315214222159556, 0.992, cold
28, 28, 1001.471984, 1.7175299973229017, 0.04, hot
25, 2, 748.5081409, 2.8163377185356655, 0.001, hot
21, 9, 999.2174973, -0.31277947026155073, 0.649, NS
19, 23, 779.3042319, 1.3163908460931946, 0.093, NS
33, 22, 887.1318584, 0.8465729125449242, 0.172, NS
13, 22, 989.7010003, -0.22143376674040444, 0.582, NS
19, 29, 864.7908745, 1.1021574130659493, 0.126, NS
33, 23, 1103.044229, -0.2551705716006089, 0.591, NS
25, 13, 723.9765961, 2.024494006862778, 0.026, hot
18, 11, 1116.852888, -0.02917718709597925, 0.515, NS
33, 33, 862.7533626, 2.199628100067658, 0.013, hot
5, 15, 1250.750367, 1.9825034941556234, 0.02, hot
3, 12, 1181.780191, -0.773351328910722, 0.785, NS
37, 26, 1149.714939, 1.808702289125787, 0.042, hot
4, 36, 822.6091626, 1.905440083597702, 0.026, hot
30, 36, 707.3887365, 2.2609405029517244, 0.007, hot
36, 6, 1248.400407, 0.7525438818782888, 0.239, NS
2, 19, 1135.090913, 1.3514537367961927, 0.085, NS
30, 3, 1021.977188, -1.8385219340941659, 0.96, cold
13, 5, 677.6806435, 2.2395138335892857, 0.014, hot
3, 35, 1041.174613, 2.8614276023494147, 0.004, hot
5, 30, 1032.588705, 1.914654331618042, 0.031, hot
6, 25, 976.7637117, 2.126455032171939, 0.013, hot
15, 11, 708.8344815, 1.5413126077146115, 0.071, NS
11, 17, 1013.912936, 1.0445516297281963, 0.139, NS
24, 28, 644.7849197, 2.0432419618706543, 0.018, hot
25, 12, 1237.581422, 0.945503009230517, 0.194, NS
15, 18, 1046.175817, -1.1533772314544544, 0.868, NS
7, 7, 1151.408796, 2.6250039734325084, 0.004, hot
28, 36, 1048.359829, 2.702591263932014, 0.003, hot
8, 27, 1051.456751, -0.8297950172646381, 0.805, NS
23, 16, 905.5914894, 2.4669076909563716, 0.004, hot
2, 28, 877.6025334, 1.3730085706788988, 0.085, NS
29, 6, 715.9927671, -1.6734179826599647, 0.945, NS
11, 15, 805.4697878, -0.9556266655495551, 0.826, NS
7, 3, 1028.940417, -0.04836690417876005, 0.506, NS
15, 34, 1006.719038, 2.4568321212602404, 0.012, hot
32, 35, 1186.695721, 3.045921475954103, 0.001, hot
21, 30, 931.8312782, -2.838247129639608, 1.0, cold
9, 24, 956.1601198, 2.143717948802336, 0.012, hot
28, 35, 1204.920074, 3.144698884510299, 0.0, hot
19, 19, 716.350248, 1.1386474365909867, 0.124, NS
32, 4, 1154.014239, 3.413688899393391, 0.0, hot
28, 34, 896.2368441, 3.863880771678808, 0.0, hot
36, 11, 957.4130815, 0.9858399859055235, 0.158, NS
27, 37, 1315.931709, -0.13291578573842414, 0.561, NS
24, 29, 980.5580618, 2.9393025271870474, 0.002, hot
12, 7, 833.3387101, 1.9762023401882454, 0.029, hot
34, 19, 963.1309535, 1.344014614952098, 0.097, NS
21, 11, 981.4489301, 0.6786869132346022, 0.252, NS
8, 12, 826.0948512, 0.1139722476146809, 0.472, NS
10, 23, 1012.665604, 2.3567942567043887, 0.005, hot
18, 28, 1421.604893, 1.3264057731228418, 0.109, NS
16, 21, 847.2674065, 1.0434675410265575, 0.139, NS
36, 23, 1190.856733, 1.799227330475032, 0.035, hot
28, 16, 878.4314566, 2.0557517519727417, 0.02, hot
1, 26, 1006.587493, 1.9180344795942208, 0.028, hot
25, 6, 1054.372108, 1.6987878511606136, 0.057, NS
35, 7, 768.9936701, 1.86990724238281, 0.037, hot
19, 2, 1000.062683, 0.6954198332480186, 0.233, NS
6, 26, 1205.095412, 1.4977044000927824, 0.07, NS
21, 26, 830.5355653, 1.5096842337930747, 0.073, NS
16, 23, 854.6992246, -0.16059963480799694, 0.565, NS
16, 22, 858.1537921, 0.6496178858942339, 0.258, NS
21, 32, 629.191032, 1.0918569243897067, 0.143, NS
12, 5, 1417.285689, 1.8835315230838436, 0.03, hot
33, 5, 926.3019611, 2.711554363377856, 0.002, hot
6, 15, 1054.682315, -0.9800286186983485, 0.819, NS
11, 34, 1082.598258, 2.016707708754852, 0.028, hot
19, 3, 1001.429894, 1.295979217667786, 0.093, NS
1, 28, 1149.611942, 0.19560480115201687, 0.414, NS
16, 34, 1215.588576, 1.4782108975316024, 0.073, NS
20, 26, 949.1978175, 0.8537990708789431, 0.174, NS
26, 32, 923.7622325, 2.8913570526555734, 0.002, hot
23, 13, 1065.075903, 2.220223417375946, 0.012, hot
26, 22, 872.1410698, 1.8502480456985233, 0.03, hot
7, 32, 1220.165497, 2.545900093949496, 0.004, hot
5, 10, 1054.926645, 2.436722009159349, 0.004, hot
6, 20, 892.3680485, 0.05135148219588948, 0.472, NS
24, 4, 1219.712644, 1.1002814507151628, 0.143, NS
12, 35, 1231.307277, 1.8701027538329162, 0.031, hot
33, 15, 1237.076627, 2.546281814066691, 0.005, hot
5, 8, 1172.848062, 1.4959366486701822, 0.071, NS
37, 18, 1090.03281, 1.173361337220963, 0.104, NS
2, 37, 1091.50251, 2.395374713355028, 0.005, hot
14, 28, 853.7237313, 0.8034755847646315, 0.229, NS
23, 32, 953.3290663, 2.1114434057427727, 0.009, hot
13, 28, 807.9383305, 0.514813804717688, 0.303, NS
2, 7, 1179.186679, 1.8931872392214846, 0.03, hot
16, 33, 863.1169499, 2.088440049482221, 0.019, hot
7, 6, 1305.918949, -1.76002050610319, 0.962, cold
16, 15, 1163.74931, 1.436539408908683, 0.08, NS
20, 6, 1219.787068, -1.8263173297868798, 0.968, cold
30, 16, 1179.884773, -0.22104524275268533, 0.585, NS
14, 11, 945.2671216, -1.0771622270015084, 0.846, NS
18, 16, 997.3337185, 0.25771349446996716, 0.409, NS
23, 30, 940.7070158, 2.0371776697996022, 0.013, hot
31, 22, 590.5059295, 1.6701183626722662, 0.041, hot
23, 1, 1203.606733, 1.7119001727044874, 0.035, hot
11, 36, 1243.229182, 2.400511823272752, 0.013, hot
15, 36, 1150.099762, 2.6043240079921604, 0.003, hot
7, 11, 909.0359189, 0.09030525317020488, 0.467, NS
11, 6, 1385.867758, 0.49141737185608036, 0.307, NS
6, 23, 783.3562707, 2.954061734468, 0.002, hot
22, 20, 915.6757257, 1.3630819868865132, 0.081, NS
13, 26, 659.4438017, 1.9483004300953248, 0.026, hot
36, 5, 1072.611421, 2.2558256726577923, 0.017, hot
9, 37, 977.1962846, 4.153269302430128, 0.0, hot
16, 37, 1097.3513, 1.6313213712768269, 0.057, NS
27, 28, 995.353455, 1.680236871715686, 0.048, hot
12, 37, 905.2654906, 4.150858895778199, 0.0, hot
33, 31, 688.8312166, 2.3204433641116458, 0.004, hot
7, 5, 1079.512325, 2.2144891170229184, 0.012, hot
1, 32, 1445.53757, 2.066005536371986, 0.028, hot
25, 1, 1024.93519, 2.5968852167749614, 0.003, hot
15, 28, 1129.317219, 2.5163807232012068, 0.004, hot
35, 1, 933.9712959, 1.678762182561665, 0.047, hot
36, 10, 1159.620489, -3.2793866080302587, 1.0, cold
1, 31, 1010.473413, 2.4860947838776233, 0.006, hot
27, 12, 880.0356991, 1.759739634044512, 0.037, hot
22, 25, 1081.622398, 2.70877080898965, 0.003, hot
37, 5, 1410.616568, 2.065315948862092, 0.016, hot
23, 37, 1159.912743, 1.7931044595164125, 0.038, hot
21, 28, 714.9329917, 1.5543348602023828, 0.071, NS
27, 9, 964.0163174, 0.8023383303681771, 0.214, NS
21, 21, 582.4111947, -1.084552886558138, 0.862, NS
30, 23, 1217.956885, 2.0570262824623216, 0.017, hot
37, 21, 886.4849355, 1.1367534968997688, 0.128, NS
10, 3, 925.7389994, -1.671055679975246, 0.95, cold
29, 28, 1037.145427, 0.7927183925557413, 0.231, NS
27, 32, 738.7954547, 2.988417466333005, 0.001, hot
3, 4, 861.2111612, 1.6546522459173085, 0.051, NS
33, 6, 728.0871771, 2.907946614641943, 0.001, hot
9, 13, 1055.24859, 3.937780237388453, 0.0, hot
37, 9, 805.0720478, 2.066221218987202, 0.018, hot
36, 31, 913.9412218, 1.998828913416995, 0.026, hot
21, 7, 1280.759388, 1.8578619583933849, 0.03, hot
5, 21, 1151.919507, 1.5624213273687757, 0.065, NS
11, 1, 807.6219924, -1.4738746211687075, 0.925, NS
31, 32, 928.3962295, 1.6182339598240192, 0.053, NS
2, 32, 1099.321661, 1.6752719072107136, 0.045, hot
22, 14, 962.9864334, 1.4640385634691928, 0.081, NS
24, 17, 1204.626467, 2.3783105491965566, 0.004, hot
30, 32, 1137.756903, 2.6156837863016604, 0.004, hot
26, 12, 1050.785211, 1.7734876883031732, 0.048, hot
6, 34, 905.8819181, 1.8074239830297494, 0.032, hot
27, 18, 921.2690038, 0.6289686954524174, 0.267, NS
35, 28, 849.3647874, 0.9460948507751655, 0.168, NS
26, 27, 900.5654922, -0.41664293370829436, 0.67, NS
24, 2, 788.9659801, 2.5829787610302177, 0.006, hot
25, 8, 997.9900991, 1.5636601922578899, 0.058, NS
27, 29, 1149.57503, 0.4596806129578823, 0.32, NS
27, 7, 753.9602131, 1.5981118538454109, 0.058, NS
6, 5, 909.1085842, 1.4832885525683068, 0.061, NS
20, 34, 775.9201818, 3.242062419706163, 0.001, hot
23, 3, 1206.470392, 0.9149234627099597, 0.175, NS
24, 15, 742.3459711, 2.1189191215316567, 0.016, hot
7, 27, 1003.750553, -0.42700293248314053, 0.651, NS
8, 33, 635.1849558, 2.527826831811365, 0.008, hot
15, 16, 850.1816351, 1.6064355718267969, 0.04, hot
28, 3, 903.1471227, -1.128088946752276, 0.86, NS
6, 13, 809.8135303, -0.09466097737213675, 0.553, NS
25, 33, 874.3365961, 1.3205654864376217, 0.104, NS
8, 22, 1284.31858, -0.52306549521636, 0.712, NS
23, 29, 891.9609734, 1.6987267384000224, 0.042, hot
4, 6, 1139.172622, -1.9760691826234678, 0.982, cold
11, 27, 971.435611, 1.5032962474685654, 0.073, NS
23, 34, 872.7060732, 1.411918963936698, 0.077, NS
15, 3, 966.6519299, 0.8489488609341719, 0.193, NS
13, 23, 978.4266328, 2.7159249313818954, 0.003, hot
26, 21, 635.9692133, -0.6329310007207721, 0.757, NS
16, 17, 987.6554057, 2.114240658626785, 0.016, hot
22, 4, 1180.435635, 0.8858834273338524, 0.175, NS
28, 11, 1362.677148, -0.177554621637689, 0.584, NS
34, 32, 1044.435777, 2.2767316144812173, 0.018, hot
24, 35, 1108.776302, 0.6040411211922929, 0.276, NS
6, 6, 637.9069293, 1.2307770873218156, 0.131, NS
28, 27, 1124.834036, -1.4013841648581007, 0.906, NS
16, 5, 825.2035086, 1.8664058351115222, 0.035, hot
34, 7, 977.5739555, 2.862372405902391, 0.001, hot
16, 11, 1046.745792, 1.183815434641954, 0.098, NS
35, 2, 1151.142099, 0.2738633454841699, 0.383, NS
3, 27, 765.4165698, -1.643458979126505, 0.942, NS
7, 31, 764.2808, 3.0066104215529728, 0.001, hot
6, 28, 1046.783852, 1.7888110099277552, 0.038, hot
16, 31, 919.4723913, 2.0802608963712035, 0.018, hot
36, 19, 813.886792, 1.170129054624692, 0.137, NS
3, 26, 1234.042057, 1.125070618951889, 0.131, NS
21, 6, 1208.567244, 0.07804865890833289, 0.493, NS
25, 15, 1240.293319, 2.376291899382417, 0.008, hot
25, 20, 904.3673204, 3.59886379569008, 0.0, hot
37, 14, 904.6811688, 1.347993648047881, 0.084, NS
25, 3, 783.5188276, 1.598325269511702, 0.044, hot
31, 25, 1315.589955, 1.0108771641434933, 0.156, NS
21, 36, 800.7893203, 0.10452751586832276, 0.472, NS
14, 26, 1181.099051, 1.5489067836459804, 0.079, NS
27, 22, 1102.562113, 1.9176140205142023, 0.031, hot
8, 32, 1080.096549, 2.5118762107118258, 0.009, hot
10, 22, 1053.961186, -0.7971172478489481, 0.776, NS
2, 24, 876.8347694, 2.301404267623965, 0.011, hot
26, 29, 905.8719925, -0.7579305124966225, 0.782, NS
30, 11, 1117.529631, -0.8742170653275494, 0.813, NS
31, 21, 1232.728199, 1.171838681804356, 0.129, NS
22, 28, 1254.897385, 0.9748304421851537, 0.168, NS
26, 9, 987.6728985, -1.4439486672614428, 0.927, NS
37, 10, 1582.374488, -0.6443394775694724, 0.76, NS
27, 33, 1432.506165, 1.9631080332777828, 0.031, hot
29, 36, 1031.953817, 1.977845103392485, 0.024, hot
20, 36, 757.3889861, 0.9756335405133851, 0.166, NS
32, 31, 958.4128229, 3.4951097774961646, 0.0, hot
2, 34, 671.6624535, 1.955614561510175, 0.021, hot
22, 6, 1259.453188, 1.9555459767588552, 0.028, hot
15, 30, 1048.045483, -1.0573095002505442, 0.85, NS
25, 18, 772.6242486, 3.047387436200711, 0.002, hot
31, 19, 845.4723732, 1.566695630388574, 0.046, hot
37, 30, 1091.17081, -0.7692080681232232, 0.785, NS
33, 10, 1563.508707, 2.5545883082849525, 0.003, hot
16, 32, 1026.637416, 2.85430368578796, 0.0, hot
10, 19, 883.7669843, 2.300312240703154, 0.007, hot
26, 3, 1389.369572, -0.8727463279219035, 0.812, NS
3, 31, 1115.124807, 2.367476876428739, 0.009, hot
34, 6, 972.6474748, -0.744601047137654, 0.796, NS
13, 19, 689.9770724, 2.682857128442647, 0.002, hot
13, 3, 1367.636719, -1.594076538760315, 0.935, NS
36, 27, 762.7570833, 2.2424867418779173, 0.013, hot
35, 17, 1082.663185, 2.7499102788797414, 0.002, hot
36, 20, 1190.808945, -1.6235058624711254, 0.941, NS
21, 8, 828.5634251, -0.8556120743200938, 0.828, NS
27, 23, 1192.312954, 2.1166503371984846, 0.018, hot
15, 25, 1130.826405, 2.4407596718202864, 0.008, hot
10, 35, 1285.423506, 2.6101652582095336, 0.003, hot
5, 5, 859.2086954, 0.9028850900940463, 0.197, NS
24, 8, 1163.643393, 1.7456902485908963, 0.033, hot
6, 16, 877.7894336, 2.927043427576559, 0.002, hot
36, 37, 678.700927, -2.0123831789555187, 0.973, cold
1, 11, 982.5935661, -0.9852390410428762, 0.847, NS
33, 16, 1163.444407, 1.653950204427789, 0.046, hot
37, 15, 770.7342382, 0.12763376127826706, 0.441, NS
6, 2, 992.3883975, -0.2174492879142668, 0.593, NS
34, 3, 1046.866325, -0.08276295951514695, 0.541, NS
11, 21, 1198.177873, -0.03306171604755681, 0.501, NS
16, 36, 1054.062679, 2.7860112108931894, 0.0, hot
27, 27, 894.3517385, 1.0468085582434605, 0.131, NS
18, 32, 1047.562342, 2.2247981233846787, 0.02, hot
3, 28, 1246.572799, -0.3456053197051048, 0.617, NS
5, 18, 1227.705907, 1.7412904005744407, 0.05, hot
36, 28, 1041.54232, 2.2229157646584063, 0.014, hot
19, 30, 1099.279808, -0.7046656167355336, 0.767, NS
22, 8, 1193.340437, 1.4566283949028407, 0.073, NS
8, 34, 939.3609163, 2.1349456901735295, 0.017, hot
15, 9, 1493.938771, -0.09433128570387293, 0.517, NS
31, 14, 712.2682624, 2.571662416360117, 0.008, hot
33, 4, 1061.721224, 1.6632912342199548, 0.059, NS
21, 35, 1145.386371, 1.0297038803834038, 0.147, NS
26, 15, 700.2446949, -1.659208730787376, 0.951, cold
33, 14, 820.6067837, 2.661828547559694, 0.002, hot
27, 8, 1055.523939, 0.23243635771250015, 0.425, NS
25, 10, 1034.991567, 2.990066800270863, 0.0, hot
15, 29, 1190.726235, 0.436290501997444, 0.333, NS
36, 32, 1220.14747, 1.365418352455269, 0.081, NS
8, 25, 1033.665955, 1.2653107642663115, 0.125, NS
9, 1, 995.4857297, 2.1222652298078684, 0.018, hot
22, 13, 1047.521647, 1.4262120277787782, 0.064, NS
33, 20, 1058.458303, 1.0506962507783928, 0.159, NS
33, 29, 837.8610921, 4.259422222783248, 0.0, hot
20, 25, 902.0861255, 1.0779937761442293, 0.127, NS
23, 26, 543.4340208, 0.6928879564445375, 0.247, NS
7, 4, 1166.524632, 2.200870684882441, 0.012, hot
35, 32, 785.1822713, 3.060950532872696, 0.0, hot
15, 7, 1179.157873, 2.447910750699814, 0.006, hot
14, 16, 1043.631851, 0.2612428206211936, 0.421, NS
21, 4, 1516.381809, 0.9991374191503464, 0.149, NS
1, 19, 1036.656468, 1.5770629613636944, 0.06, NS
2, 3, 1068.851966, 0.5536823796599418, 0.255, NS
19, 21, 795.9559033, 0.8063968633798039, 0.205, NS
11, 4, 1108.34325, 1.8903031467452167, 0.036, hot
27, 31, 836.6145329, 2.6860749227048895, 0.009, hot
4, 3, 813.5992747, -2.3177897946210306, 0.984, cold
13, 7, 567.0225759, 3.1541686058157956, 0.0, hot
20, 32, 1049.997389, 1.7022524102138583, 0.059, NS
34, 34, 1290.702553, 2.3021790628680208, 0.01, hot
30, 26, 906.8522138, 1.7137686082806487, 0.05, hot
35, 9, 1263.283218, 2.359653019845454, 0.013, hot
33, 11, 968.9615635, 2.7669232665199757, 0.005, hot
35, 8, 615.9213533, 3.170438838923898, 0.0, hot
19, 34, 962.1874913, 2.279233805230459, 0.011, hot
8, 36, 1205.227842, 1.8049193707238886, 0.022, hot
20, 22, 533.6431391, -0.4739865468825988, 0.707, NS
28, 33, 871.7544033, 3.2285529096205905, 0.002, hot
10, 27, 984.1871861, -2.1659667200414847, 0.983, cold
8, 35, 727.9791435, 3.0255066727320443, 0.0, hot
9, 12, 1322.647003, 2.9382743220668517, 0.003, hot
12, 20, 985.7693826, 2.479674638511667, 0.011, hot
17, 26, 1061.144657, 0.532918520920906, 0.29, NS
13, 12, 1185.393903, -0.6123410712177643, 0.748, NS